0.180047 0.124063 0.101312 18.3298 -1.58643 1.97377
0.0813213 0.0670273 0.0622275 16.3585 -2.29205 3.50404
0.18526 0.121838 0.0967251 15.8518 -3.97628 3.0241
0.164009 0.106345 0.083683 14.3667 -3.402 2.57628
0.18526 0.121838 0.0967251 15.8518 -3.97628 3.0241
0.0286557 0.0154761 0.0110529 11.2028 -1.06771 4.81108
0.0582079 0.0329645 0.0234354 11.3007 -3.37242 5.45397
0.164009 0.106345 0.083683 14.3667 -3.402 2.57628
0.0813213 0.0670273 0.0622275 16.3585 -2.29205 3.50404
0.102041 0.0755584 0.0653236 15.3447 -2.56027 3.33531
0.185795 0.122247 0.0970591 15.1518 -3.16675 3.974
0.18526 0.121838 0.0967251 15.8518 -3.97628 3.0241
0.185795 0.122247 0.0970591 15.1518 -3.16675 3.974
0.0324539 0.0171176 0.0132814 11.754 0.621944 5.82145
0.0286557 0.0154761 0.0110529 11.2028 -1.06771 4.81108
0.18526 0.121838 0.0967251 15.8518 -3.97628 3.0241
0.102041 0.0755584 0.0653236 15.3447 -2.56027 3.33531
0.132933 0.0800074 0.0601926 12.9998 -2.30668 2.92468
0.167593 0.106634 0.0822758 14.1097 -2.82328 2.6147
0.185795 0.122247 0.0970591 15.1518 -3.16675 3.974
0.167593 0.106634 0.0822758 14.1097 -2.82328 2.6147
0.111076 0.0553574 0.0403561 9.73943 1.89746 4.05556
0.0324539 0.0171176 0.0132814 11.754 0.621944 5.82145
0.185795 0.122247 0.0970591 15.1518 -3.16675 3.974
0.132933 0.0800074 0.0601926 12.9998 -2.30668 2.92468
0.178385 0.136498 0.118598 16.504 -2.20418 2.51712
0.176343 0.104862 0.0775218 15.0091 -2.4458 1.88502
0.167593 0.106634 0.0822758 14.1097 -2.82328 2.6147
0.176343 0.104862 0.0775218 15.0091 -2.4458 1.88502
0.0807273 0.0409785 0.0269117 8.14874 2.10634 3.41381
0.111076 0.0553574 0.0403561 9.73943 1.89746 4.05556
0.167593 0.106634 0.0822758 14.1097 -2.82328 2.6147
0.178385 0.136498 0.118598 16.504 -2.20418 2.51712
0.208808 0.155135 0.132991 14.9902 -3.69394 0.607948
0.147596 0.0935619 0.0718495 16.7798 -2.84913 3.40147
0.176343 0.104862 0.0775218 15.0091 -2.4458 1.88502
0.147596 0.0935619 0.0718495 16.7798 -2.84913 3.40147
0.0791036 0.040015 0.0262385 9.36297 1.7607 4.11479
0.0807273 0.0409785 0.0269117 8.14874 2.10634 3.41381
0.176343 0.104862 0.0775218 15.0091 -2.4458 1.88502
0.208808 0.155135 0.132991 14.9902 -3.69394 0.607948
0.196546 0.134473 0.106967 14.1732 -2.00787 1.48275
0.179389 0.108874 0.0811129 15.2371 0.0205645 1.04163
0.147596 0.0935619 0.0718495 16.7798 -2.84913 3.40147
0.179389 0.108874 0.0811129 15.2371 0.0205645 1.04163
0.199502 0.125194 0.100529 8.59691 2.69112 3.31899
0.0791036 0.040015 0.0262385 9.36297 1.7607 4.11479
0.147596 0.0935619 0.0718495 16.7798 -2.84913 3.40147
0.196546 0.134473 0.106967 14.1732 -2.00787 1.48275
0.227534 0.157005 0.128855 13.6382 -2.65353 1.81697
0.145448 0.087502 0.0654136 16.3746 -1.60623 2.33175
0.179389 0.108874 0.0811129 15.2371 0.0205645 1.04163
0.145448 0.087502 0.0654136 16.3746 -1.60623 2.33175
0.148705 0.0981939 0.0833025 9.84881 2.63194 3.06038
0.199502 0.125194 0.100529 8.59691 2.69112 3.31899
0.179389 0.108874 0.0811129 15.2371 0.0205645 1.04163
0.227534 0.157005 0.128855 13.6382 -2.65353 1.81697
0.149541 0.0992656 0.08091 13.106 -1.2476 -0.437809
0.164565 0.100713 0.0762284 17.1389 -0.812467 0.922927
0.145448 0.087502 0.0654136 16.3746 -1.60623 2.33175
0.164565 0.100713 0.0762284 17.1389 -0.812467 0.922927
0.0670138 0.036915 0.0240348 8.03131 2.80148 3.12955
0.148705 0.0981939 0.0833025 9.84881 2.63194 3.06038
0.145448 0.087502 0.0654136 16.3746 -1.60623 2.33175
0.149541 0.0992656 0.08091 13.106 -1.2476 -0.437809
0.0969373 0.0672822 0.0561174 12.3576 -1.36279 -0.761403
0.123666 0.0753364 0.0560621 15.057 -2.38024 -0.253491
0.164565 0.100713 0.0762284 17.1389 -0.812467 0.922927
0.123666 0.0753364 0.0560621 15.057 -2.38024 -0.253491
0.0260595 0.0133318 0.0100155 8.30046 2.99856 3.06574
0.0670138 0.036915 0.0240348 8.03131 2.80148 3.12955
0.164565 0.100713 0.0762284 17.1389 -0.812467 0.922927
0.0969373 0.0672822 0.0561174 12.3576 -1.36279 -0.761403
0.193894 0.138208 0.115528 15.2321 -3.4524 -1.07439
0.107994 0.064084 0.0468884 12.5593 -0.965075 -2.12704
0.123666 0.0753364 0.0560621 15.057 -2.38024 -0.253491
0.107994 0.064084 0.0468884 12.5593 -0.965075 -2.12704
0.173672 0.0888706 0.0608418 9.99619 3.82778 -1.24247
0.0260595 0.0133318 0.0100155 8.30046 2.99856 3.06574
0.123666 0.0753364 0.0560621 15.057 -2.38024 -0.253491
0.193894 0.138208 0.115528 15.2321 -3.4524 -1.07439
0.0940829 0.0784769 0.0728993 14.2757 -3.01873 -0.659604
0.116588 0.0747003 0.0583472 15.7313 -1.01755 -0.97715
0.107994 0.064084 0.0468884 12.5593 -0.965075 -2.12704
0.116588 0.0747003 0.0583472 15.7313 -1.01755 -0.97715
0.205485 0.131184 0.105766 9.99559 3.77258 -0.895142
0.173672 0.0888706 0.0608418 9.99619 3.82778 -1.24247
0.107994 0.064084 0.0468884 12.5593 -0.965075 -2.12704
0.116588 0.0747003 0.0583472 15.7313 -1.01755 -0.97715
0.0940829 0.0784769 0.0728993 14.2757 -3.01873 -0.659604
0.0782161 0.0535336 0.0442279 14.773 -2.16176 0.307584
0.111768 0.0700065 0.0542115 12.2708 0.435685 -1.97412
0.122577 0.0616138 0.043481 7.71329 3.90595 -1.62648
0.205485 0.131184 0.105766 9.99559 3.77258 -0.895142
0.116588 0.0747003 0.0583472 15.7313 -1.01755 -0.97715
0.111768 0.0700065 0.0542115 12.2708 0.435685 -1.97412
0.111768 0.0700065 0.0542115 12.2708 0.435685 -1.97412
0.0782161 0.0535336 0.0442279 14.773 -2.16176 0.307584
0.107433 0.0797724 0.0677126 12.9636 -1.32094 -1.24617
0.111332 0.0677308 0.0507994 14.7853 -1.02815 -1.72741
0.0807151 0.0629327 0.0558325 10.6963 3.30646 -1.49974
0.122577 0.0616138 0.043481 7.71329 3.90595 -1.62648
0.111768 0.0700065 0.0542115 12.2708 0.435685 -1.97412
0.111332 0.0677308 0.0507994 14.7853 -1.02815 -1.72741
0.111332 0.0677308 0.0507994 14.7853 -1.02815 -1.72741
0.107433 0.0797724 0.0677126 12.9636 -1.32094 -1.24617
0.0928245 0.0585277 0.0458719 14.487 -3.28567 -0.804104
0.100299 0.0603095 0.0447461 14.6997 -0.28023 -0.786937
0.18323 0.124989 0.100804 10.1682 2.21641 -2.92308
0.0807151 0.0629327 0.0558325 10.6963 3.30646 -1.49974
0.111332 0.0677308 0.0507994 14.7853 -1.02815 -1.72741
0.100299 0.0603095 0.0447461 14.6997 -0.28023 -0.786937
0.100299 0.0603095 0.0447461 14.6997 -0.28023 -0.786937
0.0928245 0.0585277 0.0458719 14.487 -3.28567 -0.804104
0.0863247 0.0508559 0.0375035 14.1652 -2.31303 -2.27158
0.124361 0.077331 0.0588881 13.0478 -0.606383 -1.68051
0.0466432 0.0258485 0.0183017 8.13105 2.22644 -3.41771
0.18323 0.124989 0.100804 10.1682 2.21641 -2.92308
0.100299 0.0603095 0.0447461 14.6997 -0.28023 -0.786937
0.124361 0.077331 0.0588881 13.0478 -0.606383 -1.68051
0.124361 0.077331 0.0588881 13.0478 -0.606383 -1.68051
0.0863247 0.0508559 0.0375035 14.1652 -2.31303 -2.27158
0.133567 0.089095 0.0725624 14.3318 -1.66465 -2.95057
0.129413 0.0769131 0.0565939 11.6016 -3.14742 -3.92611
0.0746522 0.0456291 0.034465 9.22391 1.40896 -3.94201
0.0466432 0.0258485 0.0183017 8.13105 2.22644 -3.41771
0.124361 0.077331 0.0588881 13.0478 -0.606383 -1.68051
0.129413 0.0769131 0.0565939 11.6016 -3.14742 -3.92611
0.129413 0.0769131 0.0565939 11.6016 -3.14742 -3.92611
0.133567 0.089095 0.0725624 14.3318 -1.66465 -2.95057
0.0641604 0.042887 0.0341962 15.5801 -2.71587 -3.34364
0.0977995 0.05377 0.0371721 12.4953 -1.99613 -2.29816
0.126533 0.0849912 0.0686968 10.1863 0.808531 -4.25327
0.0746522 0.0456291 0.034465 9.22391 1.40896 -3.94201
0.129413 0.0769131 0.0565939 11.6016 -3.14742 -3.92611
0.0977995 0.05377 0.0371721 12.4953 -1.99613 -2.29816
0.0977995 0.05377 0.0371721 12.4953 -1.99613 -2.29816
0.0641604 0.042887 0.0341962 15.5801 -2.71587 -3.34364
0.121053 0.0783496 0.0632505 15.7168 -2.94441 -3.64514
0.14062 0.0875663 0.0667019 12.5043 -2.36522 -2.3735
0.14897 0.0862461 0.0620823 8.08768 1.06299 -4.85532
0.126533 0.0849912 0.0686968 10.1863 0.808531 -4.25327
0.0977995 0.05377 0.0371721 12.4953 -1.99613 -2.29816
0.14062 0.0875663 0.0667019 12.5043 -2.36522 -2.3735
0.14062 0.0875663 0.0667019 12.5043 -2.36522 -2.3735
0.121053 0.0783496 0.0632505 15.7168 -2.94441 -3.64514
0.173879 0.121652 0.101584 13.8082 -2.47239 -5.20436
0.149886 0.0904737 0.0673188 11.1407 -3.22815 -2.88694
0.02969 0.0183423 0.0131338 8.91235 -1.23508 -5.27528
0.14897 0.0862461 0.0620823 8.08768 1.06299 -4.85532
0.14062 0.0875663 0.0667019 12.5043 -2.36522 -2.3735
0.149886 0.0904737 0.0673188 11.1407 -3.22815 -2.88694
0.149886 0.0904737 0.0673188 11.1407 -3.22815 -2.88694
0.173879 0.121652 0.101584 13.8082 -2.47239 -5.20436
0.0934173 0.0673257 0.0554405 16.5386 -1.27953 -2.55986
0.123166 0.0761239 0.058665 12.3465 -3.80544 -4.20463
0.151805 0.0938552 0.0701972 9.37839 -1.97729 -5.68408
0.02969 0.0183423 0.0131338 8.91235 -1.23508 -5.27528
0.149886 0.0904737 0.0673188 11.1407 -3.22815 -2.88694
0.123166 0.0761239 0.058665 12.3465 -3.80544 -4.20463
0.123166 0.0761239 0.058665 12.3465 -3.80544 -4.20463
0.0934173 0.0673257 0.0554405 16.5386 -1.27953 -2.55986
0.0766745 0.0511329 0.040787 17.3092 -0.98256 -1.72359
0.111258 0.0615178 0.0431782 11.5979 -3.38738 -4.06244
0.12667 0.0761411 0.0556757 10.576 -1.72674 -5.61944
0.151805 0.0938552 0.0701972 9.37839 -1.97729 -5.68408
0.123166 0.0761239 0.058665 12.3465 -3.80544 -4.20463
0.111258 0.0615178 0.0431782 11.5979 -3.38738 -4.06244
0.111258 0.0615178 0.0431782 11.5979 -3.38738 -4.06244
0.0766745 0.0511329 0.040787 17.3092 -0.98256 -1.72359
0.0634994 0.0450192 0.0387533 16.3763 -2.54745 -3.03895
0.112488 0.0622654 0.0436617 13.0891 -3.92398 -3.48477
0.17611 0.11197 0.0856342 9.53799 -4.38676 -5.56011
0.12667 0.0761411 0.0556757 10.576 -1.72674 -5.61944
0.111258 0.0615178 0.0431782 11.5979 -3.38738 -4.06244
0.112488 0.0622654 0.0436617 13.0891 -3.92398 -3.48477
0.164009 0.106345 0.083683 14.3667 -3.402 2.57628
0.0983533 0.0780723 0.0700923 15.6867 -7.73614 2.45158
0.0972951 0.0787002 0.0710274 17.5858 -7.86642 3.09069
0.180047 0.124063 0.101312 18.3298 -1.58643 1.97377
0.0291015 0.020779 0.0170786 15.9538 -6.11296 4.21567
0.0983533 0.0780723 0.0700923 15.6867 -7.73614 2.45158
0.164009 0.106345 0.083683 14.3667 -3.402 2.57628
0.0582079 0.0329645 0.0234354 11.3007 -3.37242 5.45397
0.0260172 0.0147287 0.0107905 14.2014 -5.70434 -3.51099
0.112547 0.0604796 0.0412262 11.831 -5.01233 -3.79191
0.112488 0.0622654 0.0436617 13.0891 -3.92398 -3.48477
0.0634994 0.0450192 0.0387533 16.3763 -2.54745 -3.03895
0.112488 0.0622654 0.0436617 13.0891 -3.92398 -3.48477
0.112547 0.0604796 0.0412262 11.831 -5.01233 -3.79191
0.0856208 0.0469923 0.031669 11.1621 -4.09339 -4.69313
0.17611 0.11197 0.0856342 9.53799 -4.38676 -5.56011
0.316901 0.255544 0.227466 -7.4555 -1.5985 4.01919
0.207536 0.151949 0.12977 -12.6946 -2.49568 1.61655
0.057446 0.0390759 0.0316962 -14.7487 -0.597032 1.20058
0.159178 0.130827 0.116609 -11.9175 -3.4097 3.08316
0.139454 0.118519 0.107282 -5.89945 -1.86864 5.48302
0.0714475 0.0551508 0.0474559 -9.56988 0.0904187 5.52505
0.316901 0.255544 0.227466 -7.4555 -1.5985 4.01919
0.159178 0.130827 0.116609 -11.9175 -3.4097 3.08316
0.144542 0.119494 0.106676 -10.595 -1.86193 3.13381
0.240049 0.170292 0.142166 -10.1402 -2.42234 2.39383
0.207536 0.151949 0.12977 -12.6946 -2.49568 1.61655
0.316901 0.255544 0.227466 -7.4555 -1.5985 4.01919
0.0714475 0.0551508 0.0474559 -9.56988 0.0904187 5.52505
0.0720337 0.0546112 0.0475031 -6.57716 0.537806 4.6354
0.144542 0.119494 0.106676 -10.595 -1.86193 3.13381
0.316901 0.255544 0.227466 -7.4555 -1.5985 4.01919
0.135161 0.112201 0.100261 -11.9159 -2.99282 2.46058
0.134976 0.100439 0.0871892 -9.76485 -2.27754 3.89439
0.240049 0.170292 0.142166 -10.1402 -2.42234 2.39383
0.144542 0.119494 0.106676 -10.595 -1.86193 3.13381
0.0720337 0.0546112 0.0475031 -6.57716 0.537806 4.6354
0.0945214 0.0707706 0.06097 -6.44093 0.838599 4.4179
0.135161 0.112201 0.100261 -11.9159 -2.99282 2.46058
0.144542 0.119494 0.106676 -10.595 -1.86193 3.13381
0.230939 0.177492 0.153588 -8.50229 -0.440824 2.8075
0.198533 0.140176 0.116504 -12.4295 -3.08164 3.46069
0.134976 0.100439 0.0871892 -9.76485 -2.27754 3.89439
0.135161 0.112201 0.100261 -11.9159 -2.99282 2.46058
0.0945214 0.0707706 0.06097 -6.44093 0.838599 4.4179
0.230683 0.158362 0.125005 -6.08832 2.22979 3.07608
0.230939 0.177492 0.153588 -8.50229 -0.440824 2.8075
0.135161 0.112201 0.100261 -11.9159 -2.99282 2.46058
0.105095 0.088981 0.0802997 -10.8695 -2.16563 1.51296
0.227089 0.158957 0.133415 -11.0639 -1.78911 -0.132854
0.198533 0.140176 0.116504 -12.4295 -3.08164 3.46069
0.230939 0.177492 0.153588 -8.50229 -0.440824 2.8075
0.230683 0.158362 0.125005 -6.08832 2.22979 3.07608
0.113696 0.0916762 0.0799144 -6.16086 2.32414 4.75335
0.105095 0.088981 0.0802997 -10.8695 -2.16563 1.51296
0.230939 0.177492 0.153588 -8.50229 -0.440824 2.8075
0.174364 0.146951 0.133904 -9.88062 -1.56105 2.63119
0.30008 0.224925 0.192864 -8.56218 -2.27332 1.47207
0.227089 0.158957 0.133415 -11.0639 -1.78911 -0.132854
0.105095 0.088981 0.0802997 -10.8695 -2.16563 1.51296
0.113696 0.0916762 0.0799144 -6.16086 2.32414 4.75335
0.191075 0.142877 0.119643 -6.52553 2.4218 2.88161
0.174364 0.146951 0.133904 -9.88062 -1.56105 2.63119
0.105095 0.088981 0.0802997 -10.8695 -2.16563 1.51296
0.155418 0.131161 0.119427 -8.09368 0.551117 1.97237
0.333123 0.272327 0.24612 -9.16776 -1.74718 0.731196
0.30008 0.224925 0.192864 -8.56218 -2.27332 1.47207
0.174364 0.146951 0.133904 -9.88062 -1.56105 2.63119
0.191075 0.142877 0.119643 -6.52553 2.4218 2.88161
0.0993232 0.0636424 0.0484582 -8.22528 2.94891 3.08826
0.155418 0.131161 0.119427 -8.09368 0.551117 1.97237
0.174364 0.146951 0.133904 -9.88062 -1.56105 2.63119
0.200377 0.156309 0.13672 -10.3128 -0.926452 2.284
0.403139 0.320543 0.282909 -9.70013 -2.40861 1.39232
0.333123 0.272327 0.24612 -9.16776 -1.74718 0.731196
0.155418 0.131161 0.119427 -8.09368 0.551117 1.97237
0.0993232 0.0636424 0.0484582 -8.22528 2.94891 3.08826
0.0807637 0.0603623 0.0501679 -5.83198 2.52062 3.11761
0.200377 0.156309 0.13672 -10.3128 -0.926452 2.284
0.155418 0.131161 0.119427 -8.09368 0.551117 1.97237
0.143014 0.117739 0.106104 -9.47414 -0.11875 1.94842
0.259508 0.195646 0.168904 -9.63941 -3.05916 1.44337
0.403139 0.320543 0.282909 -9.70013 -2.40861 1.39232
0.200377 0.156309 0.13672 -10.3128 -0.926452 2.284
0.0807637 0.0603623 0.0501679 -5.83198 2.52062 3.11761
0.186608 0.131533 0.105089 -8.23747 3.53292 1.97678
0.143014 0.117739 0.106104 -9.47414 -0.11875 1.94842
0.200377 0.156309 0.13672 -10.3128 -0.926452 2.284
0.190063 0.148559 0.13009 -10.3481 -0.320212 1.302
0.332566 0.270329 0.242323 -7.47116 -1.78879 0.663002
0.259508 0.195646 0.168904 -9.63941 -3.05916 1.44337
0.143014 0.117739 0.106104 -9.47414 -0.11875 1.94842
0.186608 0.131533 0.105089 -8.23747 3.53292 1.97678
0.123886 0.096425 0.0838288 -4.46978 3.23497 2.46397
0.190063 0.148559 0.13009 -10.3481 -0.320212 1.302
0.143014 0.117739 0.106104 -9.47414 -0.11875 1.94842
0.144896 0.115382 0.100812 -9.95914 0.659237 1.42325
0.266768 0.224516 0.204382 -7.54945 -3.13532 0.448752
0.332566 0.270329 0.242323 -7.47116 -1.78879 0.663002
0.190063 0.148559 0.13009 -10.3481 -0.320212 1.302
0.123886 0.096425 0.0838288 -4.46978 3.23497 2.46397
0.269246 0.180822 0.142519 -4.01833 3.67824 -0.478423
0.144896 0.115382 0.100812 -9.95914 0.659237 1.42325
0.190063 0.148559 0.13009 -10.3481 -0.320212 1.302
0.0970294 0.0605437 0.0452453 -9.81764 -0.991629 -1.26024
0.266768 0.224516 0.204382 -7.54945 -3.13532 0.448752
0.144896 0.115382 0.100812 -9.95914 0.659237 1.42325
0.147489 0.116936 0.102198 -8.80127 0.0810899 -0.356883
0.144896 0.115382 0.100812 -9.95914 0.659237 1.42325
0.269246 0.180822 0.142519 -4.01833 3.67824 -0.478423
0.136985 0.0932084 0.0726983 -4.41877 3.03285 -0.917527
0.147489 0.116936 0.102198 -8.80127 0.0810899 -0.356883
0.096249 0.0770677 0.0703518 -8.34785 -2.2295 -1.94888
0.0970294 0.0605437 0.0452453 -9.81764 -0.991629 -1.26024
0.147489 0.116936 0.102198 -8.80127 0.0810899 -0.356883
0.142576 0.11341 0.0995139 -9.18092 0.560076 -0.982865
0.147489 0.116936 0.102198 -8.80127 0.0810899 -0.356883
0.136985 0.0932084 0.0726983 -4.41877 3.03285 -0.917527
0.119405 0.093021 0.0792433 -4.22323 2.61275 -0.850256
0.142576 0.11341 0.0995139 -9.18092 0.560076 -0.982865
0.161144 0.108965 0.090417 -9.44208 -1.26719 -1.87779
0.096249 0.0770677 0.0703518 -8.34785 -2.2295 -1.94888
0.142576 0.11341 0.0995139 -9.18092 0.560076 -0.982865
0.142461 0.113993 0.100376 -9.67722 -0.23765 -2.16641
0.142576 0.11341 0.0995139 -9.18092 0.560076 -0.982865
0.119405 0.093021 0.0792433 -4.22323 2.61275 -0.850256
0.121787 0.096254 0.0845146 -5.1642 1.75995 -3.29904
0.142461 0.113993 0.100376 -9.67722 -0.23765 -2.16641
0.27115 0.197323 0.166006 -9.42005 -1.03004 -1.84568
0.161144 0.108965 0.090417 -9.44208 -1.26719 -1.87779
0.142461 0.113993 0.100376 -9.67722 -0.23765 -2.16641
0.113122 0.0810353 0.0657025 -8.90346 -0.99335 -1.94613
0.142461 0.113993 0.100376 -9.67722 -0.23765 -2.16641
0.121787 0.096254 0.0845146 -5.1642 1.75995 -3.29904
0.10025 0.0783637 0.067601 -5.77303 2.24128 -2.14695
0.113122 0.0810353 0.0657025 -8.90346 -0.99335 -1.94613
0.148314 0.13415 0.128788 -10.9712 -3.93106 -3.58104
0.27115 0.197323 0.166006 -9.42005 -1.03004 -1.84568
0.113122 0.0810353 0.0657025 -8.90346 -0.99335 -1.94613
0.141842 0.111808 0.097782 -9.03108 -0.712964 -3.15193
0.113122 0.0810353 0.0657025 -8.90346 -0.99335 -1.94613
0.10025 0.0783637 0.067601 -5.77303 2.24128 -2.14695
0.123008 0.0916896 0.0770691 -5.34494 1.61815 -4.31965
0.141842 0.111808 0.097782 -9.03108 -0.712964 -3.15193
0.144781 0.121436 0.112706 -11.4533 -2.42332 -2.72712
0.148314 0.13415 0.128788 -10.9712 -3.93106 -3.58104
0.141842 0.111808 0.097782 -9.03108 -0.712964 -3.15193
0.0426806 0.0260141 0.0172673 -10.0348 -2.4707 -3.37472
0.141842 0.111808 0.097782 -9.03108 -0.712964 -3.15193
0.123008 0.0916896 0.0770691 -5.34494 1.61815 -4.31965
0.115581 0.0930578 0.0836241 -6.82655 1.46288 -4.88289
0.0426806 0.0260141 0.0172673 -10.0348 -2.4707 -3.37472
0.25488 0.178567 0.144774 -11.7585 -1.60111 -3.43021
0.144781 0.121436 0.112706 -11.4533 -2.42332 -2.72712
0.0426806 0.0260141 0.0172673 -10.0348 -2.4707 -3.37472
0.0643779 0.0458254 0.0361804 -8.95222 -0.410146 -2.79519
0.0426806 0.0260141 0.0172673 -10.0348 -2.4707 -3.37472
0.115581 0.0930578 0.0836241 -6.82655 1.46288 -4.88289
0.091604 0.0736649 0.0648331 -5.67197 1.24242 -4.41418
0.0643779 0.0458254 0.0361804 -8.95222 -0.410146 -2.79519
0.243744 0.19596 0.172354 -10.4657 -3.51409 -2.83416
0.25488 0.178567 0.144774 -11.7585 -1.60111 -3.43021
0.0643779 0.0458254 0.0361804 -8.95222 -0.410146 -2.79519
0.0501527 0.0357912 0.0291023 -11.975 -2.08824 -3.52347
0.0643779 0.0458254 0.0361804 -8.95222 -0.410146 -2.79519
0.091604 0.0736649 0.0648331 -5.67197 1.24242 -4.41418
0.154387 0.124692 0.110703 -7.79961 -0.517038 -5.5271
0.0501527 0.0357912 0.0291023 -11.975 -2.08824 -3.52347
0.241994 0.195603 0.17319 -8.02489 -1.14811 -2.51448
0.243744 0.19596 0.172354 -10.4657 -3.51409 -2.83416
0.0501527 0.0357912 0.0291023 -11.975 -2.08824 -3.52347
0.0384321 0.0211039 0.0138185 -11.6349 -3.47776 -4.4509
0.0501527 0.0357912 0.0291023 -11.975 -2.08824 -3.52347
0.154387 0.124692 0.110703 -7.79961 -0.517038 -5.5271
0.103699 0.0743843 0.0599332 -6.60684 -0.331921 -5.82744
0.0384321 0.0211039 0.0138185 -11.6349 -3.47776 -4.4509
0.212819 0.169709 0.149876 -7.97841 -0.065469 -2.75915
0.241994 0.195603 0.17319 -8.02489 -1.14811 -2.51448
0.0384321 0.0211039 0.0138185 -11.6349 -3.47776 -4.4509
0.0719252 0.054074 0.0461473 -12.4165 -4.04843 -4.28015
0.0384321 0.0211039 0.0138185 -11.6349 -3.47776 -4.4509
0.103699 0.0743843 0.0599332 -6.60684 -0.331921 -5.82744
0.00593427 0.00281749 0.00183153 -10.3758 -1.89136 -5.83878
0.0719252 0.054074 0.0461473 -12.4165 -4.04843 -4.28015
0.0928494 0.0668771 0.0580407 -12.6081 -1.57235 -4.22663
0.212819 0.169709 0.149876 -7.97841 -0.065469 -2.75915
0.0719252 0.054074 0.0461473 -12.4165 -4.04843 -4.28015
0.0647308 0.0467479 0.0388097 -11.7885 -4.56222 -4.07657
0.0719252 0.054074 0.0461473 -12.4165 -4.04843 -4.28015
0.00593427 0.00281749 0.00183153 -10.3758 -1.89136 -5.83878
0.03148 0.0173594 0.0125337 -11.1241 -1.31696 -6.51352
0.0647308 0.0467479 0.0388097 -11.7885 -4.56222 -4.07657
0.17923 0.143106 0.127114 -9.84704 -7.55533 3.92435
0.218877 0.173685 0.153635 -9.30191 -6.5837 3.75122
0.159178 0.130827 0.116609 -11.9175 -3.4097 3.08316
0.057446 0.0390759 0.0316962 -14.7487 -0.597032 1.20058
0.159178 0.130827 0.116609 -11.9175 -3.4097 3.08316
0.218877 0.173685 0.153635 -9.30191 -6.5837 3.75122
0.11669 0.0903615 0.0782356 -7.11046 -4.35718 5.65673
0.139454 0.118519 0.107282 -5.89945 -1.86864 5.48302
0.0647308 0.0467479 0.0388097 -11.7885 -4.56222 -4.07657
0.0626306 0.0478582 0.0418755 -11.4736 -6.73128 -3.12405
0.106955 0.0891018 0.0826893 -12.6405 -5.60273 -5.48156
0.0928494 0.0668771 0.0580407 -12.6081 -1.57235 -4.22663
0.0339805 0.0265553 0.0239207 -13.1176 -6.4383 -5.10142
0.0626306 0.0478582 0.0418755 -11.4736 -6.73128 -3.12405
0.0647308 0.0467479 0.0388097 -11.7885 -4.56222 -4.07657
0.03148 0.0173594 0.0125337 -11.1241 -1.31696 -6.51352
