0.148623 0.106632 0.094205 14.2446 -2.55158 4.21141
0.142552 0.10721 0.0926277 16.6102 -3.55753 3.7992
0.135332 0.103062 0.0897986 13.774 -4.42669 3.29169
0.101696 0.0938633 0.0900365 13.5593 -3.64509 1.66266
0.314328 0.227919 0.189993 12.2982 -2.65116 0.689639
0.230457 0.168558 0.143897 9.83469 -3.97102 -0.12267
0.101319 0.0533326 0.0359228 -0.665544 -2.48476 -0.279199
0.088812 0.047065 0.0309484 0.684379 -2.41268 -1.05048
0.399106 0.319885 0.283693 -6.44171 -2.69376 3.21131
0.571748 0.454538 0.401616 -7.5119 -3.00369 3.8368
4.10617 3.65201 3.50885 -6.82673 -3.87297 4.09472
3.29885 2.95554 2.84361 -8.55197 -4.72447 4.39467
-1.80328 -1.71256 -1.69054 0.227133 -2.20929 0.347366
-1.59651 -1.49329 -1.46832 -5.15012 -3.59644 0.740649
0.295511 0.217585 0.192265 -4.89734 -3.45325 0.228751
0.771855 0.483896 0.366236 1.69944 -2.67401 0.565343
0.0350866 -0.022333 -0.0428674 12.2471 -3.42257 -2.78929
0.165938 0.108801 0.086164 14.107 -2.60479 -3.5627
0.146032 0.0809421 0.0622831 14.3601 -2.64063 -3.37384
0.570102 0.50347 0.477586 8.3149 -3.66566 -4.21368
-0.367936 -0.327515 -0.300581 0.789435 -0.81416 0.800607
0.0664593 0.0598992 0.0562525 9.52551 -3.49975 -1.64876
0.663953 0.656969 0.643859 11.784 -1.17511 -1.53227
0.229674 0.176337 0.1619 -1.62944 -0.971421 0.0977625
0.495128 0.397425 0.362717 -6.80831 -1.30391 -3.0834
0.333465 0.29343 0.276938 -8.18974 -3.75241 -4.99528
0.428277 0.357419 0.32734 -6.85462 -4.86462 -4.11719
0.647256 0.538997 0.487652 -6.56611 -3.17301 -3.74774
0.574958 0.403517 0.331167 -5.67757 -3.68988 0.483745
0.0433734 0.0533986 0.0549548 -7.09735 -4.13995 -1.16245
-0.544665 -0.55959 -0.561562 1.33011 -1.59416 1.02103
-0.370748 -0.496284 -0.539802 0.390124 -2.50438 0.946049
0.314328 0.227919 0.189993 12.2982 -2.65116 0.689639
0.418044 0.321054 0.271486 8.18894 -4.2037 1.24422
0.194038 0.1485 0.134362 5.51056 -4.02106 2.59484
0.101696 0.0938633 0.0900365 13.5593 -3.64509 1.66266
0.304983 0.230638 0.199663 11.743 -3.47476 0.566709
0.2941 0.218201 0.186791 12.8708 -2.54902 0.912636
0.0818695 0.0746445 0.0712765 15.1022 -3.81624 2.88606
0.100602 0.0866499 0.0803846 13.8546 -3.22537 3.87079
0.0530372 0.0442441 0.0407157 17.6253 -1.68116 1.99856
0.0466594 0.0269405 0.0189942 11.8399 -2.4021 0.148849
-0.0263402 -0.0204322 -0.0187108 13.1171 -3.69162 2.03162
0.0504599 0.0358211 0.0308045 13.7166 -2.05732 -0.363787
0.456217 0.424782 0.414664 14.0884 0.106772 -0.096247
0.0777046 0.063645 0.0588088 11.5475 -3.24147 0.648226
0.047476 0.0327152 0.0273261 14.5392 -1.29029 4.36442
0.174176 0.133795 0.11801 14.1558 0.280112 2.72636
0.230457 0.168558 0.143897 9.83469 -3.97102 -0.12267
0.314328 0.227919 0.189993 12.2982 -2.65116 0.689639
0.101696 0.0938633 0.0900365 13.5593 -3.64509 1.66266
0.135332 0.103062 0.0897986 13.774 -4.42669 3.29169
0.418044 0.321054 0.271486 8.18894 -4.2037 1.24422
0.292781 0.217704 0.188366 6.87733 -5.68123 2.63405
0.0747872 0.0697585 0.067143 12.9525 -3.6945 3.4338
0.194038 0.1485 0.134362 5.51056 -4.02106 2.59484
0.304983 0.230638 0.199663 11.743 -3.47476 0.566709
0.100602 0.0866499 0.0803846 13.8546 -3.22537 3.87079
0.0747872 0.0697585 0.067143 12.9525 -3.6945 3.4338
0.0747872 0.0697585 0.067143 12.9525 -3.6945 3.4338
0.292781 0.217704 0.188366 6.87733 -5.68123 2.63405
0.304983 0.230638 0.199663 11.743 -3.47476 0.566709
0.0383553 0.0279603 0.0239126 12.5494 -3.55745 0.895258
0.0644295 0.0451112 0.0358017 13.4652 -3.72181 1.3886
0.0818695 0.0746445 0.0712765 15.1022 -3.81624 2.88606
0.2941 0.218201 0.186791 12.8708 -2.54902 0.912636
0.0466594 0.0269405 0.0189942 11.8399 -2.4021 0.148849
0.0644295 0.0451112 0.0358017 13.4652 -3.72181 1.3886
0.0383553 0.0279603 0.0239126 12.5494 -3.55745 0.895258
-0.0263402 -0.0204322 -0.0187108 13.1171 -3.69162 2.03162
0.174176 0.133795 0.11801 14.1558 0.280112 2.72636
0.0530372 0.0442441 0.0407157 17.6253 -1.68116 1.99856
0.0504599 0.0358211 0.0308045 13.7166 -2.05732 -0.363787
0.0504599 0.0358211 0.0308045 13.7166 -2.05732 -0.363787
0.456217 0.424782 0.414664 14.0884 0.106772 -0.096247
0.174176 0.133795 0.11801 14.1558 0.280112 2.72636
0.265073 0.163634 0.123964 1.45944 -2.69255 -0.719633
0.418044 0.321054 0.271486 8.18894 -4.2037 1.24422
0.314328 0.227919 0.189993 12.2982 -2.65116 0.689639
0.088812 0.047065 0.0309484 0.684379 -2.41268 -1.05048
-0.174443 -0.102588 -0.0692117 0.352558 -2.7867 -1.03671
0.0383553 0.0279603 0.0239126 12.5494 -3.55745 0.895258
0.2941 0.218201 0.186791 12.8708 -2.54902 0.912636
-0.00521852 -0.00371958 0.00229601 1.22207 -2.41701 -1.26418
-0.0263402 -0.0204322 -0.0187108 13.1171 -3.69162 2.03162
0.0383553 0.0279603 0.0239126 12.5494 -3.55745 0.895258
-0.174443 -0.102588 -0.0692117 0.352558 -2.7867 -1.03671
-0.174443 -0.102588 -0.0692117 0.352558 -2.7867 -1.03671
-0.306009 -0.302344 -0.29519 -0.160104 -2.68759 -1.14754
-0.0263402 -0.0204322 -0.0187108 13.1171 -3.69162 2.03162
0.456217 0.424782 0.414664 14.0884 0.106772 -0.096247
0.0504599 0.0358211 0.0308045 13.7166 -2.05732 -0.363787
0.0357232 0.00452935 -0.00565436 -1.07422 -1.53866 -0.365931
0.570488 0.322384 0.245546 -1.11814 -0.989711 -2.1909
0.141513 0.100663 0.0838742 3.19267 -3.89893 3.26897
0.207704 0.143714 0.119327 5.45139 -6.39486 2.49772
0.265073 0.163634 0.123964 1.45944 -2.69255 -0.719633
0.088812 0.047065 0.0309484 0.684379 -2.41268 -1.05048
0.0684927 0.0559244 0.0516612 10.5855 -6.68539 3.95395
0.0539625 0.0294073 0.0202882 3.95819 -4.84041 3.76845
-0.00521852 -0.00371958 0.00229601 1.22207 -2.41701 -1.26418
0.230904 0.167852 0.138998 2.97515 -2.80353 -1.15842
-0.195551 -0.139281 -0.115556 1.31966 -4.57764 2.95459
0.134325 0.0882491 0.06717 -0.0456536 -3.75666 2.59997
0.0357232 0.00452935 -0.00565436 -1.07422 -1.53866 -0.365931
0.0357232 0.00452935 -0.00565436 -1.07422 -1.53866 -0.365931
-0.306009 -0.302344 -0.29519 -0.160104 -2.68759 -1.14754
-0.195551 -0.139281 -0.115556 1.31966 -4.57764 2.95459
0.134325 0.0882491 0.06717 -0.0456536 -3.75666 2.59997
0.0464236 0.0273842 0.0196328 -1.12521 -2.11274 2.42162
0.570488 0.322384 0.245546 -1.11814 -0.989711 -2.1909
0.570488 0.322384 0.245546 -1.11814 -0.989711 -2.1909
0.0357232 0.00452935 -0.00565436 -1.07422 -1.53866 -0.365931
0.134325 0.0882491 0.06717 -0.0456536 -3.75666 2.59997
0.141513 0.100663 0.0838742 3.19267 -3.89893 3.26897
-0.0559777 -0.0423967 -0.0362988 1.91593 -5.11998 2.51003
0.0921509 0.0670669 0.0571978 14.6336 -2.26165 2.32597
0.0921509 0.0670669 0.0571978 14.6336 -2.26165 2.32597
0.169032 0.127436 0.111745 12.2136 -4.41565 2.54933
0.141513 0.100663 0.0838742 3.19267 -3.89893 3.26897
0.11024 0.0813407 0.0741142 11.2306 -2.13458 3.1996
0.0896601 0.0732695 0.0681508 9.04689 -6.31284 2.70299
0.207704 0.143714 0.119327 5.45139 -6.39486 2.49772
0.207704 0.143714 0.119327 5.45139 -6.39486 2.49772
0.271364 0.177503 0.150096 10.8802 -7.09428 2.92019
0.11024 0.0813407 0.0741142 11.2306 -2.13458 3.1996
0.11024 0.0813407 0.0741142 11.2306 -2.13458 3.1996
0.11381 0.0882147 0.0792484 8.24402 1.36853 4.00497
0.0684927 0.0559244 0.0516612 10.5855 -6.68539 3.95395
0.0684927 0.0559244 0.0516612 10.5855 -6.68539 3.95395
0.0896601 0.0732695 0.0681508 9.04689 -6.31284 2.70299
0.11024 0.0813407 0.0741142 11.2306 -2.13458 3.1996
0.138001 0.105011 0.0949767 2.6228 -2.61819 3.51852
0.185352 0.0991981 0.0773098 1.45292 -2.70608 4.12674
-0.12995 -0.103416 -0.0926158 0.371921 -3.98847 2.68873
0.0539625 0.0294073 0.0202882 3.95819 -4.84041 3.76845
-0.12995 -0.103416 -0.0926158 0.371921 -3.98847 2.68873
0.185352 0.0991981 0.0773098 1.45292 -2.70608 4.12674
-0.010964 -0.001398 0.000660009 2.26725 -1.65934 4.39691
-0.195551 -0.139281 -0.115556 1.31966 -4.57764 2.95459
0.143536 0.108809 0.0966325 2.59649 0.680068 5.78919
0.208884 0.131912 0.100658 3.64897 3.18026 5.47662
0.0464236 0.0273842 0.0196328 -1.12521 -2.11274 2.42162
0.0464236 0.0273842 0.0196328 -1.12521 -2.11274 2.42162
0.134325 0.0882491 0.06717 -0.0456536 -3.75666 2.59997
0.143536 0.108809 0.0966325 2.59649 0.680068 5.78919
0.271364 0.177503 0.150096 10.8802 -7.09428 2.92019
0.207704 0.143714 0.119327 5.45139 -6.39486 2.49772
0.141513 0.100663 0.0838742 3.19267 -3.89893 3.26897
0.141513 0.100663 0.0838742 3.19267 -3.89893 3.26897
0.169032 0.127436 0.111745 12.2136 -4.41565 2.54933
0.271364 0.177503 0.150096 10.8802 -7.09428 2.92019
0.138001 0.105011 0.0949767 2.6228 -2.61819 3.51852
0.0539625 0.0294073 0.0202882 3.95819 -4.84041 3.76845
0.0684927 0.0559244 0.0516612 10.5855 -6.68539 3.95395
0.0684927 0.0559244 0.0516612 10.5855 -6.68539 3.95395
0.11381 0.0882147 0.0792484 8.24402 1.36853 4.00497
0.138001 0.105011 0.0949767 2.6228 -2.61819 3.51852
-0.010964 -0.001398 0.000660009 2.26725 -1.65934 4.39691
0.143536 0.108809 0.0966325 2.59649 0.680068 5.78919
0.134325 0.0882491 0.06717 -0.0456536 -3.75666 2.59997
0.134325 0.0882491 0.06717 -0.0456536 -3.75666 2.59997
-0.195551 -0.139281 -0.115556 1.31966 -4.57764 2.95459
-0.010964 -0.001398 0.000660009 2.26725 -1.65934 4.39691
0.208884 0.131912 0.100658 3.64897 3.18026 5.47662
0.0743607 0.0321585 0.0205269 12.0554 0.0487975 4.33212
0.0867548 0.0663455 0.0605376 1.95381 -3.27919 3.17588
0.0464236 0.0273842 0.0196328 -1.12521 -2.11274 2.42162
0.401871 0.307593 0.271924 6.51558 -6.59631 4.73698
0.148623 0.106632 0.094205 14.2446 -2.55158 4.21141
0.101696 0.0938633 0.0900365 13.5593 -3.64509 1.66266
0.194038 0.1485 0.134362 5.51056 -4.02106 2.59484
0.362267 0.29596 0.268518 5.52204 -7.12111 4.71159
0.401871 0.307593 0.271924 6.51558 -6.59631 4.73698
0.194038 0.1485 0.134362 5.51056 -4.02106 2.59484
0.0747872 0.0697585 0.067143 12.9525 -3.6945 3.4338
0.339746 0.27711 0.251846 2.10228 -5.60359 3.39135
0.362267 0.29596 0.268518 5.52204 -7.12111 4.71159
0.0747872 0.0697585 0.067143 12.9525 -3.6945 3.4338
0.0747872 0.0697585 0.067143 12.9525 -3.6945 3.4338
0.100602 0.0866499 0.0803846 13.8546 -3.22537 3.87079
0.339746 0.27711 0.251846 2.10228 -5.60359 3.39135
0.188965 0.098707 0.0734414 0.0627027 -0.884023 0.211697
0.339746 0.27711 0.251846 2.10228 -5.60359 3.39135
0.100602 0.0866499 0.0803846 13.8546 -3.22537 3.87079
0.0818695 0.0746445 0.0712765 15.1022 -3.81624 2.88606
0.0818695 0.0746445 0.0712765 15.1022 -3.81624 2.88606
0.0644295 0.0451112 0.0358017 13.4652 -3.72181 1.3886
-0.044082 -0.0333716 -0.0280726 0.104523 -1.89298 1.25848
0.188965 0.098707 0.0734414 0.0627027 -0.884023 0.211697
0.0466594 0.0269405 0.0189942 11.8399 -2.4021 0.148849
-0.162733 -0.0710834 -0.0453906 0.0239521 0.17732 -0.000302601
-0.044082 -0.0333716 -0.0280726 0.104523 -1.89298 1.25848
-0.044082 -0.0333716 -0.0280726 0.104523 -1.89298 1.25848
0.0644295 0.0451112 0.0358017 13.4652 -3.72181 1.3886
0.0466594 0.0269405 0.0189942 11.8399 -2.4021 0.148849
0.0182506 0.00803863 0.00523424 0.0803725 1.28869 -0.030634
-0.162733 -0.0710834 -0.0453906 0.0239521 0.17732 -0.000302601
0.0466594 0.0269405 0.0189942 11.8399 -2.4021 0.148849
0.0530372 0.0442441 0.0407157 17.6253 -1.68116 1.99856
0.156795 0.117086 0.100818 4.19432 5.03761 3.89746
0.0182506 0.00803863 0.00523424 0.0803725 1.28869 -0.030634
0.0530372 0.0442441 0.0407157 17.6253 -1.68116 1.99856
0.0530372 0.0442441 0.0407157 17.6253 -1.68116 1.99856
0.174176 0.133795 0.11801 14.1558 0.280112 2.72636
0.156795 0.117086 0.100818 4.19432 5.03761 3.89746
0.047476 0.0327152 0.0273261 14.5392 -1.29029 4.36442
0.162446 0.123561 0.111179 14.1009 -2.65992 5.50901
0.156795 0.117086 0.100818 4.19432 5.03761 3.89746
0.174176 0.133795 0.11801 14.1558 0.280112 2.72636
0.142552 0.10721 0.0926277 16.6102 -3.55753 3.7992
0.148623 0.106632 0.094205 14.2446 -2.55158 4.21141
0.169032 0.127436 0.111745 12.2136 -4.41565 2.54933
0.0921509 0.0670669 0.0571978 14.6336 -2.26165 2.32597
0.169032 0.127436 0.111745 12.2136 -4.41565 2.54933
0.148623 0.106632 0.094205 14.2446 -2.55158 4.21141
0.401871 0.307593 0.271924 6.51558 -6.59631 4.73698
0.271364 0.177503 0.150096 10.8802 -7.09428 2.92019
0.271364 0.177503 0.150096 10.8802 -7.09428 2.92019
0.401871 0.307593 0.271924 6.51558 -6.59631 4.73698
0.362267 0.29596 0.268518 5.52204 -7.12111 4.71159
0.11024 0.0813407 0.0741142 11.2306 -2.13458 3.1996
0.339746 0.27711 0.251846 2.10228 -5.60359 3.39135
0.11381 0.0882147 0.0792484 8.24402 1.36853 4.00497
0.11024 0.0813407 0.0741142 11.2306 -2.13458 3.1996
0.11024 0.0813407 0.0741142 11.2306 -2.13458 3.1996
0.362267 0.29596 0.268518 5.52204 -7.12111 4.71159
0.339746 0.27711 0.251846 2.10228 -5.60359 3.39135
0.11381 0.0882147 0.0792484 8.24402 1.36853 4.00497
0.339746 0.27711 0.251846 2.10228 -5.60359 3.39135
0.188965 0.098707 0.0734414 0.0627027 -0.884023 0.211697
0.138001 0.105011 0.0949767 2.6228 -2.61819 3.51852
-0.044082 -0.0333716 -0.0280726 0.104523 -1.89298 1.25848
0.185352 0.0991981 0.0773098 1.45292 -2.70608 4.12674
0.138001 0.105011 0.0949767 2.6228 -2.61819 3.51852
0.188965 0.098707 0.0734414 0.0627027 -0.884023 0.211697
-0.044082 -0.0333716 -0.0280726 0.104523 -1.89298 1.25848
-0.162733 -0.0710834 -0.0453906 0.0239521 0.17732 -0.000302601
-0.010964 -0.001398 0.000660009 2.26725 -1.65934 4.39691
-0.010964 -0.001398 0.000660009 2.26725 -1.65934 4.39691
0.185352 0.0991981 0.0773098 1.45292 -2.70608 4.12674
-0.044082 -0.0333716 -0.0280726 0.104523 -1.89298 1.25848
-0.162733 -0.0710834 -0.0453906 0.0239521 0.17732 -0.000302601
0.0182506 0.00803863 0.00523424 0.0803725 1.28869 -0.030634
0.143536 0.108809 0.0966325 2.59649 0.680068 5.78919
0.143536 0.108809 0.0966325 2.59649 0.680068 5.78919
-0.010964 -0.001398 0.000660009 2.26725 -1.65934 4.39691
-0.162733 -0.0710834 -0.0453906 0.0239521 0.17732 -0.000302601
0.0182506 0.00803863 0.00523424 0.0803725 1.28869 -0.030634
0.156795 0.117086 0.100818 4.19432 5.03761 3.89746
0.208884 0.131912 0.100658 3.64897 3.18026 5.47662
0.208884 0.131912 0.100658 3.64897 3.18026 5.47662
0.143536 0.108809 0.0966325 2.59649 0.680068 5.78919
0.0182506 0.00803863 0.00523424 0.0803725 1.28869 -0.030634
0.208884 0.131912 0.100658 3.64897 3.18026 5.47662
0.156795 0.117086 0.100818 4.19432 5.03761 3.89746
0.162446 0.123561 0.111179 14.1009 -2.65992 5.50901
0.0743607 0.0321585 0.0205269 12.0554 0.0487975 4.33212
-0.00521852 -0.00371958 0.00229601 1.22207 -2.41701 -1.26418
0.2941 0.218201 0.186791 12.8708 -2.54902 0.912636
0.304983 0.230638 0.199663 11.743 -3.47476 0.566709
0.230904 0.167852 0.138998 2.97515 -2.80353 -1.15842
0.0504599 0.0358211 0.0308045 13.7166 -2.05732 -0.363787
-0.0263402 -0.0204322 -0.0187108 13.1171 -3.69162 2.03162
-0.306009 -0.302344 -0.29519 -0.160104 -2.68759 -1.14754
0.0357232 0.00452935 -0.00565436 -1.07422 -1.53866 -0.365931
-0.0527709 -0.0492507 -0.047318 12.0881 -1.75611 -1.26577
0.0777046 0.063645 0.0588088 11.5475 -3.24147 0.648226
0.456217 0.424782 0.414664 14.0884 0.106772 -0.096247
0.570488 0.322384 0.245546 -1.11814 -0.989711 -2.1909
-0.0559777 -0.0423967 -0.0362988 1.91593 -5.11998 2.51003
0.141513 0.100663 0.0838742 3.19267 -3.89893 3.26897
0.088812 0.047065 0.0309484 0.684379 -2.41268 -1.05048
0.088812 0.047065 0.0309484 0.684379 -2.41268 -1.05048
0.101319 0.0533326 0.0359228 -0.665544 -2.48476 -0.279199
-0.0559777 -0.0423967 -0.0362988 1.91593 -5.11998 2.51003
0.207704 0.143714 0.119327 5.45139 -6.39486 2.49772
0.0896601 0.0732695 0.0681508 9.04689 -6.31284 2.70299
0.563186 0.406415 0.336889 2.82727 -2.68163 -1.47931
0.265073 0.163634 0.123964 1.45944 -2.69255 -0.719633
0.0896601 0.0732695 0.0681508 9.04689 -6.31284 2.70299
0.0684927 0.0559244 0.0516612 10.5855 -6.68539 3.95395
0.230904 0.167852 0.138998 2.97515 -2.80353 -1.15842
0.230904 0.167852 0.138998 2.97515 -2.80353 -1.15842
0.563186 0.406415 0.336889 2.82727 -2.68163 -1.47931
0.0896601 0.0732695 0.0681508 9.04689 -6.31284 2.70299
0.0539625 0.0294073 0.0202882 3.95819 -4.84041 3.76845
-0.12995 -0.103416 -0.0926158 0.371921 -3.98847 2.68873
-0.174443 -0.102588 -0.0692117 0.352558 -2.7867 -1.03671
-0.00521852 -0.00371958 0.00229601 1.22207 -2.41701 -1.26418
-0.174443 -0.102588 -0.0692117 0.352558 -2.7867 -1.03671
-0.12995 -0.103416 -0.0926158 0.371921 -3.98847 2.68873
-0.195551 -0.139281 -0.115556 1.31966 -4.57764 2.95459
-0.195551 -0.139281 -0.115556 1.31966 -4.57764 2.95459
-0.306009 -0.302344 -0.29519 -0.160104 -2.68759 -1.14754
-0.174443 -0.102588 -0.0692117 0.352558 -2.7867 -1.03671
0.0464236 0.0273842 0.0196328 -1.12521 -2.11274 2.42162
0.0867548 0.0663455 0.0605376 1.95381 -3.27919 3.17588
-0.0527709 -0.0492507 -0.047318 12.0881 -1.75611 -1.26577
-0.0527709 -0.0492507 -0.047318 12.0881 -1.75611 -1.26577
0.570488 0.322384 0.245546 -1.11814 -0.989711 -2.1909
0.0464236 0.0273842 0.0196328 -1.12521 -2.11274 2.42162
0.563186 0.406415 0.336889 2.82727 -2.68163 -1.47931
0.292781 0.217704 0.188366 6.87733 -5.68123 2.63405
0.418044 0.321054 0.271486 8.18894 -4.2037 1.24422
0.265073 0.163634 0.123964 1.45944 -2.69255 -0.719633
0.563186 0.406415 0.336889 2.82727 -2.68163 -1.47931
0.230904 0.167852 0.138998 2.97515 -2.80353 -1.15842
0.304983 0.230638 0.199663 11.743 -3.47476 0.566709
0.304983 0.230638 0.199663 11.743 -3.47476 0.566709
0.292781 0.217704 0.188366 6.87733 -5.68123 2.63405
0.563186 0.406415 0.336889 2.82727 -2.68163 -1.47931
5.65638 5.05776 4.88315 -1.91341 -5.04724 3.64015
0.445258 0.268747 0.213362 -2.99492 -3.78926 0.160437
0.295511 0.217585 0.192265 -4.89734 -3.45325 0.228751
3.29885 2.95554 2.84361 -8.55197 -4.72447 4.39467
1.53707 1.37517 1.32287 -9.60847 -4.04558 2.74962
-0.434792 -0.417422 -0.414812 -8.52028 -3.35781 1.59499
2.60027 2.32744 2.24713 -5.38359 -4.14817 2.48432
4.33194 3.9582 3.84958 -7.26943 -4.67501 2.76493
-4.43009 -4.07617 -3.98225 -5.46004 -3.55751 -0.0612314
-4.58426 -4.24123 -4.15234 -11.5375 -2.11659 1.33947
-0.520507 -0.517582 -0.524743 -13.2364 -2.52594 3.10722
-1.53587 -1.41877 -1.39076 -9.15336 -2.39006 -0.0334083
5.80535 5.30885 5.17919 -10.8433 -1.5088 4.0667
0.239962 0.161931 0.134496 -8.3803 -2.11656 -0.00155973
0.276656 0.248555 0.240941 -8.67609 -0.0456317 -0.353943
1.69457 1.54805 1.50794 -12.6964 0.902815 3.74933
3.29885 2.95554 2.84361 -8.55197 -4.72447 4.39467
0.295511 0.217585 0.192265 -4.89734 -3.45325 0.228751
-1.59651 -1.49329 -1.46832 -5.15012 -3.59644 0.740649
0.399106 0.319885 0.283693 -6.44171 -2.69376 3.21131
0.331843 0.252057 0.217553 -7.92161 -3.76121 2.58857
3.6064 3.24778 3.14344 -5.16855 -4.81212 2.32458
0.445258 0.268747 0.213362 -2.99492 -3.78926 0.160437
5.65638 5.05776 4.88315 -1.91341 -5.04724 3.64015
0.331843 0.252057 0.217553 -7.92161 -3.76121 2.58857
4.33194 3.9582 3.84958 -7.26943 -4.67501 2.76493
2.60027 2.32744 2.24713 -5.38359 -4.14817 2.48432
2.60027 2.32744 2.24713 -5.38359 -4.14817 2.48432
3.6064 3.24778 3.14344 -5.16855 -4.81212 2.32458
0.331843 0.252057 0.217553 -7.92161 -3.76121 2.58857
1.53707 1.37517 1.32287 -9.60847 -4.04558 2.74962
0.042251 0.0333396 0.0302751 -12.9849 -4.8385 2.5118
-4.22442 -3.86513 -3.76807 -7.81117 -3.68484 1.26455
-0.434792 -0.417422 -0.414812 -8.52028 -3.35781 1.59499
-4.22442 -3.86513 -3.76807 -7.81117 -3.68484 1.26455
0.042251 0.0333396 0.0302751 -12.9849 -4.8385 2.5118
-4.58426 -4.24123 -4.15234 -11.5375 -2.11659 1.33947
-4.43009 -4.07617 -3.98225 -5.46004 -3.55751 -0.0612314
-1.53587 -1.41877 -1.39076 -9.15336 -2.39006 -0.0334083
-0.520507 -0.517582 -0.524743 -13.2364 -2.52594 3.10722
1.69457 1.54805 1.50794 -12.6964 0.902815 3.74933
1.69457 1.54805 1.50794 -12.6964 0.902815 3.74933
0.276656 0.248555 0.240941 -8.67609 -0.0456317 -0.353943
-1.53587 -1.41877 -1.39076 -9.15336 -2.39006 -0.0334083
0.295511 0.217585 0.192265 -4.89734 -3.45325 0.228751
0.445258 0.268747 0.213362 -2.99492 -3.78926 0.160437
0.460562 0.26472 0.20803 -0.534791 -2.43791 -1.30335
0.771855 0.483896 0.366236 1.69944 -2.67401 0.565343
-0.434792 -0.417422 -0.414812 -8.52028 -3.35781 1.59499
-4.22442 -3.86513 -3.76807 -7.81117 -3.68484 1.26455
-3.72912 -3.36698 -3.27073 -0.510055 -3.24209 -1.61166
0.318536 0.183889 0.143157 -1.05283 -2.67453 -2.2637
-3.72912 -3.36698 -3.27073 -0.510055 -3.24209 -1.61166
-4.22442 -3.86513 -3.76807 -7.81117 -3.68484 1.26455
-4.43009 -4.07617 -3.98225 -5.46004 -3.55751 -0.0612314
-4.43009 -4.07617 -3.98225 -5.46004 -3.55751 -0.0612314
-2.97603 -2.89096 -2.89837 -0.529084 -2.99964 -1.02381
-3.72912 -3.36698 -3.27073 -0.510055 -3.24209 -1.61166
0.878046 0.5711 0.444802 1.75184 -1.15358 -0.994756
-1.53587 -1.41877 -1.39076 -9.15336 -2.39006 -0.0334083
0.276656 0.248555 0.240941 -8.67609 -0.0456317 -0.353943
0.8845 0.613619 0.503187 2.68482 -0.534406 -0.860473
0.460562 0.26472 0.20803 -0.534791 -2.43791 -1.30335
0.49886 0.312552 0.246708 -1.92617 -3.5135 3.07088
0.411034 0.277058 0.227533 -1.50862 -3.79417 2.2453
0.771855 0.483896 0.366236 1.69944 -2.67401 0.565343
0.318536 0.183889 0.143157 -1.05283 -2.67453 -2.2637
0.0655287 0.0458579 0.0386253 -0.780337 -3.58127 3.21113
0.346446 0.253177 0.217706 -6.10706 -4.90509 2.97965
1.12075 0.924636 0.869897 -1.44542 -3.18841 -0.24906
0.878046 0.5711 0.444802 1.75184 -1.15358 -0.994756
0.251797 0.230171 0.218368 0.804311 -2.88798 3.2708
-0.655697 -0.435739 -0.338236 -0.815141 -4.89876 2.44507
-0.655697 -0.435739 -0.338236 -0.815141 -4.89876 2.44507
-2.97603 -2.89096 -2.89837 -0.529084 -2.99964 -1.02381
0.878046 0.5711 0.444802 1.75184 -1.15358 -0.994756
0.8845 0.613619 0.503187 2.68482 -0.534406 -0.860473
0.52827 0.356675 0.266452 0.380853 -2.6575 2.74645
0.251797 0.230171 0.218368 0.804311 -2.88798 3.2708
0.251797 0.230171 0.218368 0.804311 -2.88798 3.2708
0.878046 0.5711 0.444802 1.75184 -1.15358 -0.994756
0.8845 0.613619 0.503187 2.68482 -0.534406 -0.860473
0.468167 0.378293 0.337401 -8.95963 -3.40024 3.04835
-0.0492871 -0.0509103 -0.0491728 -0.599264 -3.42892 0.987823
0.411034 0.277058 0.227533 -1.50862 -3.79417 2.2453
0.411034 0.277058 0.227533 -1.50862 -3.79417 2.2453
3.23167 2.88583 2.7728 -6.26263 -4.08602 3.17553
0.468167 0.378293 0.337401 -8.95963 -3.40024 3.04835
0.49886 0.312552 0.246708 -1.92617 -3.5135 3.07088
0.382999 0.273493 0.235796 -7.70913 -4.60349 3.25337
5.13191 4.68426 4.55336 -4.65027 -3.25988 3.92121
5.13191 4.68426 4.55336 -4.65027 -3.25988 3.92121
5.13971 4.61355 4.45623 -6.22761 -4.2648 3.51748
0.49886 0.312552 0.246708 -1.92617 -3.5135 3.07088
0.346446 0.253177 0.217706 -6.10706 -4.90509 2.97965
4.27372 3.83093 3.69779 -4.23921 -2.50712 3.53815
5.13191 4.68426 4.55336 -4.65027 -3.25988 3.92121
5.13191 4.68426 4.55336 -4.65027 -3.25988 3.92121
0.382999 0.273493 0.235796 -7.70913 -4.60349 3.25337
0.346446 0.253177 0.217706 -6.10706 -4.90509 2.97965
-0.25896 -0.171971 -0.140634 -0.323145 -4.29913 3.88981
0.0182991 0.038578 0.0433138 -0.446767 -2.89725 4.79203
2.47372 1.88333 1.65732 0.652659 -3.0191 4.36948
0.0655287 0.0458579 0.0386253 -0.780337 -3.58127 3.21113
-3.74501 -3.44718 -3.36882 -1.59321 -2.80957 2.95511
0.0182991 0.038578 0.0433138 -0.446767 -2.89725 4.79203
-0.25896 -0.171971 -0.140634 -0.323145 -4.29913 3.88981
-0.655697 -0.435739 -0.338236 -0.815141 -4.89876 2.44507
0.52827 0.356675 0.266452 0.380853 -2.6575 2.74645
3.98549 2.70679 2.23027 -3.11149 1.60114 4.90253
-0.152665 -0.229813 -0.273837 -0.299449 -1.97549 4.77081
-0.152665 -0.229813 -0.273837 -0.299449 -1.97549 4.77081
0.251797 0.230171 0.218368 0.804311 -2.88798 3.2708
0.52827 0.356675 0.266452 0.380853 -2.6575 2.74645
0.411034 0.277058 0.227533 -1.50862 -3.79417 2.2453
0.49886 0.312552 0.246708 -1.92617 -3.5135 3.07088
5.13971 4.61355 4.45623 -6.22761 -4.2648 3.51748
5.13971 4.61355 4.45623 -6.22761 -4.2648 3.51748
3.23167 2.88583 2.7728 -6.26263 -4.08602 3.17553
0.411034 0.277058 0.227533 -1.50862 -3.79417 2.2453
0.346446 0.253177 0.217706 -6.10706 -4.90509 2.97965
0.0655287 0.0458579 0.0386253 -0.780337 -3.58127 3.21113
2.47372 1.88333 1.65732 0.652659 -3.0191 4.36948
2.47372 1.88333 1.65732 0.652659 -3.0191 4.36948
4.27372 3.83093 3.69779 -4.23921 -2.50712 3.53815
0.346446 0.253177 0.217706 -6.10706 -4.90509 2.97965
0.251797 0.230171 0.218368 0.804311 -2.88798 3.2708
-0.152665 -0.229813 -0.273837 -0.299449 -1.97549 4.77081
-3.74501 -3.44718 -3.36882 -1.59321 -2.80957 2.95511
-3.74501 -3.44718 -3.36882 -1.59321 -2.80957 2.95511
-0.655697 -0.435739 -0.338236 -0.815141 -4.89876 2.44507
0.251797 0.230171 0.218368 0.804311 -2.88798 3.2708
0.229846 0.145477 0.112483 -0.71543 -3.51164 2.65557
0.230072 0.188532 0.170742 -5.33268 0.088212 2.41168
3.98549 2.70679 2.23027 -3.11149 1.60114 4.90253
0.52827 0.356675 0.266452 0.380853 -2.6575 2.74645
3.29885 2.95554 2.84361 -8.55197 -4.72447 4.39467
4.10617 3.65201 3.50885 -6.82673 -3.87297 4.09472
6.66266 5.76987 5.45546 -2.00189 -5.32334 4.39641
5.65638 5.05776 4.88315 -1.91341 -5.04724 3.64015
5.65638 5.05776 4.88315 -1.91341 -5.04724 3.64015
6.66266 5.76987 5.45546 -2.00189 -5.32334 4.39641
6.13068 5.52332 5.32901 -2.48325 -5.75757 3.97849
0.331843 0.252057 0.217553 -7.92161 -3.76121 2.58857
0.331843 0.252057 0.217553 -7.92161 -3.76121 2.58857
6.13068 5.52332 5.32901 -2.48325 -5.75757 3.97849
5.53092 5.02495 4.87726 -2.35345 -6.75093 4.50543
5.53092 5.02495 4.87726 -2.35345 -6.75093 4.50543
4.33194 3.9582 3.84958 -7.26943 -4.67501 2.76493
0.331843 0.252057 0.217553 -7.92161 -3.76121 2.58857
4.33194 3.9582 3.84958 -7.26943 -4.67501 2.76493
5.53092 5.02495 4.87726 -2.35345 -6.75093 4.50543
2.99966 2.52456 2.36266 -0.0853337 -0.898662 0.320652
1.53707 1.37517 1.32287 -9.60847 -4.04558 2.74962
-0.0636055 -0.040768 -0.0314631 -0.124756 -2.45311 1.57609
0.042251 0.0333396 0.0302751 -12.9849 -4.8385 2.5118
1.53707 1.37517 1.32287 -9.60847 -4.04558 2.74962
2.99966 2.52456 2.36266 -0.0853337 -0.898662 0.320652
-0.0636055 -0.040768 -0.0314631 -0.124756 -2.45311 1.57609
-0.126573 0.0167396 0.0632061 -0.0126087 0.476964 0.0191557
-4.58426 -4.24123 -4.15234 -11.5375 -2.11659 1.33947
-4.58426 -4.24123 -4.15234 -11.5375 -2.11659 1.33947
0.042251 0.0333396 0.0302751 -12.9849 -4.8385 2.5118
-0.0636055 -0.040768 -0.0314631 -0.124756 -2.45311 1.57609
-4.58426 -4.24123 -4.15234 -11.5375 -2.11659 1.33947
-0.126573 0.0167396 0.0632061 -0.0126087 0.476964 0.0191557
0.0620006 0.0408056 0.0299184 -0.0454287 1.61351 0.00531797
-0.520507 -0.517582 -0.524743 -13.2364 -2.52594 3.10722
-0.520507 -0.517582 -0.524743 -13.2364 -2.52594 3.10722
0.0620006 0.0408056 0.0299184 -0.0454287 1.61351 0.00531797
0.0785787 0.0499922 0.0363767 -2.85354 4.19534 3.41678
0.0785787 0.0499922 0.0363767 -2.85354 4.19534 3.41678
1.69457 1.54805 1.50794 -12.6964 0.902815 3.74933
-0.520507 -0.517582 -0.524743 -13.2364 -2.52594 3.10722
0.0785787 0.0499922 0.0363767 -2.85354 4.19534 3.41678
0.316338 0.272612 0.252058 -10.1004 -3.6552 4.46021
5.80535 5.30885 5.17919 -10.8433 -1.5088 4.0667
1.69457 1.54805 1.50794 -12.6964 0.902815 3.74933
3.23167 2.88583 2.7728 -6.26263 -4.08602 3.17553
4.10617 3.65201 3.50885 -6.82673 -3.87297 4.09472
0.571748 0.454538 0.401616 -7.5119 -3.00369 3.8368
0.468167 0.378293 0.337401 -8.95963 -3.40024 3.04835
6.66266 5.76987 5.45546 -2.00189 -5.32334 4.39641
4.10617 3.65201 3.50885 -6.82673 -3.87297 4.09472
3.23167 2.88583 2.7728 -6.26263 -4.08602 3.17553
5.13971 4.61355 4.45623 -6.22761 -4.2648 3.51748
6.13068 5.52332 5.32901 -2.48325 -5.75757 3.97849
6.66266 5.76987 5.45546 -2.00189 -5.32334 4.39641
5.13971 4.61355 4.45623 -6.22761 -4.2648 3.51748
5.13191 4.68426 4.55336 -4.65027 -3.25988 3.92121
5.13191 4.68426 4.55336 -4.65027 -3.25988 3.92121
4.27372 3.83093 3.69779 -4.23921 -2.50712 3.53815
5.53092 5.02495 4.87726 -2.35345 -6.75093 4.50543
5.53092 5.02495 4.87726 -2.35345 -6.75093 4.50543
6.13068 5.52332 5.32901 -2.48325 -5.75757 3.97849
5.13191 4.68426 4.55336 -4.65027 -3.25988 3.92121
2.99966 2.52456 2.36266 -0.0853337 -0.898662 0.320652
5.53092 5.02495 4.87726 -2.35345 -6.75093 4.50543
4.27372 3.83093 3.69779 -4.23921 -2.50712 3.53815
2.47372 1.88333 1.65732 0.652659 -3.0191 4.36948
2.47372 1.88333 1.65732 0.652659 -3.0191 4.36948
0.0182991 0.038578 0.0433138 -0.446767 -2.89725 4.79203
-0.0636055 -0.040768 -0.0314631 -0.124756 -2.45311 1.57609
2.99966 2.52456 2.36266 -0.0853337 -0.898662 0.320652
-3.74501 -3.44718 -3.36882 -1.59321 -2.80957 2.95511
-0.126573 0.0167396 0.0632061 -0.0126087 0.476964 0.0191557
-0.0636055 -0.040768 -0.0314631 -0.124756 -2.45311 1.57609
-0.0636055 -0.040768 -0.0314631 -0.124756 -2.45311 1.57609
0.0182991 0.038578 0.0433138 -0.446767 -2.89725 4.79203
-3.74501 -3.44718 -3.36882 -1.59321 -2.80957 2.95511
-0.152665 -0.229813 -0.273837 -0.299449 -1.97549 4.77081
0.0620006 0.0408056 0.0299184 -0.0454287 1.61351 0.00531797
-0.126573 0.0167396 0.0632061 -0.0126087 0.476964 0.0191557
-0.126573 0.0167396 0.0632061 -0.0126087 0.476964 0.0191557
-3.74501 -3.44718 -3.36882 -1.59321 -2.80957 2.95511
-0.152665 -0.229813 -0.273837 -0.299449 -1.97549 4.77081
3.98549 2.70679 2.23027 -3.11149 1.60114 4.90253
0.0785787 0.0499922 0.0363767 -2.85354 4.19534 3.41678
0.0620006 0.0408056 0.0299184 -0.0454287 1.61351 0.00531797
0.0620006 0.0408056 0.0299184 -0.0454287 1.61351 0.00531797
-0.152665 -0.229813 -0.273837 -0.299449 -1.97549 4.77081
3.98549 2.70679 2.23027 -3.11149 1.60114 4.90253
0.316338 0.272612 0.252058 -10.1004 -3.6552 4.46021
0.0785787 0.0499922 0.0363767 -2.85354 4.19534 3.41678
3.98549 2.70679 2.23027 -3.11149 1.60114 4.90253
0.230072 0.188532 0.170742 -5.33268 0.088212 2.41168
2.60027 2.32744 2.24713 -5.38359 -4.14817 2.48432
-0.434792 -0.417422 -0.414812 -8.52028 -3.35781 1.59499
0.318536 0.183889 0.143157 -1.05283 -2.67453 -2.2637
1.12075 0.924636 0.869897 -1.44542 -3.18841 -0.24906
-2.97603 -2.89096 -2.89837 -0.529084 -2.99964 -1.02381
-4.43009 -4.07617 -3.98225 -5.46004 -3.55751 -0.0612314
-1.53587 -1.41877 -1.39076 -9.15336 -2.39006 -0.0334083
0.878046 0.5711 0.444802 1.75184 -1.15358 -0.994756
0.276656 0.248555 0.240941 -8.67609 -0.0456317 -0.353943
0.239962 0.161931 0.134496 -8.3803 -2.11656 -0.00155973
0.0222646 0.00301276 -0.00137752 -4.94741 -1.64049 -0.746753
0.8845 0.613619 0.503187 2.68482 -0.534406 -0.860473
0.771855 0.483896 0.366236 1.69944 -2.67401 0.565343
0.411034 0.277058 0.227533 -1.50862 -3.79417 2.2453
-0.0492871 -0.0509103 -0.0491728 -0.599264 -3.42892 0.987823
-0.0492871 -0.0509103 -0.0491728 -0.599264 -3.42892 0.987823
-1.80328 -1.71256 -1.69054 0.227133 -2.20929 0.347366
0.771855 0.483896 0.366236 1.69944 -2.67401 0.565343
2.2054 1.9144 1.83482 -2.87538 -3.35442 -0.699455
0.382999 0.273493 0.235796 -7.70913 -4.60349 3.25337
0.49886 0.312552 0.246708 -1.92617 -3.5135 3.07088
0.460562 0.26472 0.20803 -0.534791 -2.43791 -1.30335
1.12075 0.924636 0.869897 -1.44542 -3.18841 -0.24906
0.346446 0.253177 0.217706 -6.10706 -4.90509 2.97965
0.382999 0.273493 0.235796 -7.70913 -4.60349 3.25337
0.382999 0.273493 0.235796 -7.70913 -4.60349 3.25337
2.2054 1.9144 1.83482 -2.87538 -3.35442 -0.699455
1.12075 0.924636 0.869897 -1.44542 -3.18841 -0.24906
-3.72912 -3.36698 -3.27073 -0.510055 -3.24209 -1.61166
-0.25896 -0.171971 -0.140634 -0.323145 -4.29913 3.88981
0.0655287 0.0458579 0.0386253 -0.780337 -3.58127 3.21113
0.318536 0.183889 0.143157 -1.05283 -2.67453 -2.2637
-0.655697 -0.435739 -0.338236 -0.815141 -4.89876 2.44507
-0.25896 -0.171971 -0.140634 -0.323145 -4.29913 3.88981
-3.72912 -3.36698 -3.27073 -0.510055 -3.24209 -1.61166
-3.72912 -3.36698 -3.27073 -0.510055 -3.24209 -1.61166
-2.97603 -2.89096 -2.89837 -0.529084 -2.99964 -1.02381
-0.655697 -0.435739 -0.338236 -0.815141 -4.89876 2.44507
0.0222646 0.00301276 -0.00137752 -4.94741 -1.64049 -0.746753
0.229846 0.145477 0.112483 -0.71543 -3.51164 2.65557
0.52827 0.356675 0.266452 0.380853 -2.6575 2.74645
0.52827 0.356675 0.266452 0.380853 -2.6575 2.74645
0.8845 0.613619 0.503187 2.68482 -0.534406 -0.860473
0.0222646 0.00301276 -0.00137752 -4.94741 -1.64049 -0.746753
0.445258 0.268747 0.213362 -2.99492 -3.78926 0.160437
3.6064 3.24778 3.14344 -5.16855 -4.81212 2.32458
2.2054 1.9144 1.83482 -2.87538 -3.35442 -0.699455
0.460562 0.26472 0.20803 -0.534791 -2.43791 -1.30335
2.60027 2.32744 2.24713 -5.38359 -4.14817 2.48432
1.12075 0.924636 0.869897 -1.44542 -3.18841 -0.24906
2.2054 1.9144 1.83482 -2.87538 -3.35442 -0.699455
2.2054 1.9144 1.83482 -2.87538 -3.35442 -0.699455
3.6064 3.24778 3.14344 -5.16855 -4.81212 2.32458
2.60027 2.32744 2.24713 -5.38359 -4.14817 2.48432
0.864212 0.821194 0.798521 4.84377 -2.22828 -4.11536
1.20183 1.11687 1.07018 8.58363 -4.68114 -0.863979
0.663953 0.656969 0.643859 11.784 -1.17511 -1.53227
0.570102 0.50347 0.477586 8.3149 -3.66566 -4.21368
0.15656 0.140384 0.13345 14.7881 -3.15801 -4.14225
0.376808 0.366316 0.356727 13.8041 -1.93416 -2.47547
0.861467 0.844158 0.823713 8.93092 -2.849 -1.62653
0.626077 0.600056 0.580202 11.7513 -2.47531 -4.8756
-0.0170573 -0.016868 -0.0170067 14.9863 -2.31696 -1.82892
0.0185737 0.00880494 0.00409233 17.1678 -2.50235 -2.71432
0.037596 0.0251065 0.0211691 15.6055 -1.80704 -3.73822
0.0194444 0.0157853 0.0143658 13.3088 -1.86886 -2.78836
0.0122128 0.0101505 0.00934809 14.8147 -1.7696 -3.08722
0.0097529 0.00382404 0.00233429 15.3225 -1.14658 -1.76932
0.0617497 0.0568707 0.055511 13.1632 0.107181 -2.59946
0.0630479 0.0404445 0.031472 13.0137 0.169282 -4.99037
0.570102 0.50347 0.477586 8.3149 -3.66566 -4.21368
0.663953 0.656969 0.643859 11.784 -1.17511 -1.53227
0.0664593 0.0598992 0.0562525 9.52551 -3.49975 -1.64876
0.0350866 -0.022333 -0.0428674 12.2471 -3.42257 -2.78929
0.937054 0.860116 0.823694 9.59273 -3.50831 -4.78414
1.04828 1.01895 0.993571 7.55532 -3.7365 -2.7743
1.20183 1.11687 1.07018 8.58363 -4.68114 -0.863979
0.864212 0.821194 0.798521 4.84377 -2.22828 -4.11536
0.937054 0.860116 0.823694 9.59273 -3.50831 -4.78414
0.626077 0.600056 0.580202 11.7513 -2.47531 -4.8756
0.861467 0.844158 0.823713 8.93092 -2.849 -1.62653
0.861467 0.844158 0.823713 8.93092 -2.849 -1.62653
1.04828 1.01895 0.993571 7.55532 -3.7365 -2.7743
0.937054 0.860116 0.823694 9.59273 -3.50831 -4.78414
0.15656 0.140384 0.13345 14.7881 -3.15801 -4.14225
-0.599353 -0.611031 -0.60566 15.6069 -1.5074 -3.92357
0.0230423 0.0211024 0.020347 12.2292 -1.62347 -1.51241
0.376808 0.366316 0.356727 13.8041 -1.93416 -2.47547
0.0230423 0.0211024 0.020347 12.2292 -1.62347 -1.51241
-0.599353 -0.611031 -0.60566 15.6069 -1.5074 -3.92357
0.0185737 0.00880494 0.00409233 17.1678 -2.50235 -2.71432
-0.0170573 -0.016868 -0.0170067 14.9863 -2.31696 -1.82892
0.0194444 0.0157853 0.0143658 13.3088 -1.86886 -2.78836
0.037596 0.0251065 0.0211691 15.6055 -1.80704 -3.73822
0.0630479 0.0404445 0.031472 13.0137 0.169282 -4.99037
0.0630479 0.0404445 0.031472 13.0137 0.169282 -4.99037
0.0617497 0.0568707 0.055511 13.1632 0.107181 -2.59946
0.0194444 0.0157853 0.0143658 13.3088 -1.86886 -2.78836
0.663953 0.656969 0.643859 11.784 -1.17511 -1.53227
1.20183 1.11687 1.07018 8.58363 -4.68114 -0.863979
2.09158 1.76235 1.485 1.68788 -2.74148 -0.87679
0.229674 0.176337 0.1619 -1.62944 -0.971421 0.0977625
0.376808 0.366316 0.356727 13.8041 -1.93416 -2.47547
0.0230423 0.0211024 0.020347 12.2292 -1.62347 -1.51241
-2.69957 -2.1795 -1.74976 -0.737822 -2.13319 0.410598
-0.195619 -0.105779 -0.0323742 -0.818965 -1.9054 -0.215168
-2.69957 -2.1795 -1.74976 -0.737822 -2.13319 0.410598
0.0230423 0.0211024 0.020347 12.2292 -1.62347 -1.51241
-0.0170573 -0.016868 -0.0170067 14.9863 -2.31696 -1.82892
-0.0170573 -0.016868 -0.0170067 14.9863 -2.31696 -1.82892
-5.51559 -4.95762 -4.5471 -1.0376 -2.04036 -0.830482
-2.69957 -2.1795 -1.74976 -0.737822 -2.13319 0.410598
-0.740798 -0.600144 -0.452525 -1.82863 -0.144687 0.824311
0.0194444 0.0157853 0.0143658 13.3088 -1.86886 -2.78836
0.0617497 0.0568707 0.055511 13.1632 0.107181 -2.59946
0.0257045 0.0293941 0.031453 -1.55975 -0.216983 0.461245
2.09158 1.76235 1.485 1.68788 -2.74148 -0.87679
0.233758 0.179297 0.157634 6.35322 -6.31429 -2.53591
0.172279 0.114977 0.0903205 3.96344 -3.80296 -4.81932
0.229674 0.176337 0.1619 -1.62944 -0.971421 0.0977625
-0.195619 -0.105779 -0.0323742 -0.818965 -1.9054 -0.215168
0.0635322 0.0296151 0.0165091 0.955588 -3.31427 -3.84777
0.171068 0.123927 0.106614 5.71809 -5.61326 -4.08013
0.506291 0.500115 0.489872 1.6342 -2.50097 -0.559865
-0.740798 -0.600144 -0.452525 -1.82863 -0.144687 0.824311
0.0807231 0.0464752 0.0332647 -0.451479 -3.36578 -4.79484
-0.136694 -0.0810284 -0.0577885 0.775748 -4.91701 -4.32038
-0.136694 -0.0810284 -0.0577885 0.775748 -4.91701 -4.32038
-5.51559 -4.95762 -4.5471 -1.0376 -2.04036 -0.830482
-0.740798 -0.600144 -0.452525 -1.82863 -0.144687 0.824311
0.0257045 0.0293941 0.031453 -1.55975 -0.216983 0.461245
0.219935 0.152043 0.13421 -1.53619 -2.11226 -2.82684
0.0807231 0.0464752 0.0332647 -0.451479 -3.36578 -4.79484
0.0807231 0.0464752 0.0332647 -0.451479 -3.36578 -4.79484
-0.740798 -0.600144 -0.452525 -1.82863 -0.144687 0.824311
0.0257045 0.0293941 0.031453 -1.55975 -0.216983 0.461245
0.181321 0.124424 0.101738 13.4515 -4.51106 -2.89753
0.0178728 0.00473635 -0.000333995 1.36725 -4.5435 -3.15002
0.172279 0.114977 0.0903205 3.96344 -3.80296 -4.81932
0.172279 0.114977 0.0903205 3.96344 -3.80296 -4.81932
0.222307 0.163373 0.140432 10.6055 -3.54513 -3.41024
0.181321 0.124424 0.101738 13.4515 -4.51106 -2.89753
0.233758 0.179297 0.157634 6.35322 -6.31429 -2.53591
0.131244 0.0948087 0.0818051 5.64496 -5.67464 -3.40092
0.0881226 0.0528731 0.0430116 10.0113 -1.44272 -3.98364
0.0881226 0.0528731 0.0430116 10.0113 -1.44272 -3.98364
0.24853 0.195871 0.179345 8.50031 -4.44284 -2.63761
0.233758 0.179297 0.157634 6.35322 -6.31429 -2.53591
0.171068 0.123927 0.106614 5.71809 -5.61326 -4.08013
0.211432 0.185323 0.177329 6.93384 0.149418 -4.27135
0.0881226 0.0528731 0.0430116 10.0113 -1.44272 -3.98364
0.0881226 0.0528731 0.0430116 10.0113 -1.44272 -3.98364
0.131244 0.0948087 0.0818051 5.64496 -5.67464 -3.40092
0.171068 0.123927 0.106614 5.71809 -5.61326 -4.08013
-0.20868 -0.130968 -0.0977771 0.242785 -3.01673 -4.39845
-0.153913 -0.101079 -0.0788103 1.2659 -2.00442 -6.30711
0.471543 0.336251 0.286573 2.24424 -3.03638 -5.40923
0.0635322 0.0296151 0.0165091 0.955588 -3.31427 -3.84777
-1.47441 -1.08889 -0.768688 2.64427 -3.35887 -3.21316
-0.153913 -0.101079 -0.0788103 1.2659 -2.00442 -6.30711
-0.20868 -0.130968 -0.0977771 0.242785 -3.01673 -4.39845
-0.136694 -0.0810284 -0.0577885 0.775748 -4.91701 -4.32038
0.219935 0.152043 0.13421 -1.53619 -2.11226 -2.82684
0.201901 0.126607 0.0986322 5.71717 4.07921 -5.61433
0.309595 0.228415 0.198502 2.30228 -0.057245 -6.72102
0.309595 0.228415 0.198502 2.30228 -0.057245 -6.72102
0.0807231 0.0464752 0.0332647 -0.451479 -3.36578 -4.79484
0.219935 0.152043 0.13421 -1.53619 -2.11226 -2.82684
0.172279 0.114977 0.0903205 3.96344 -3.80296 -4.81932
0.233758 0.179297 0.157634 6.35322 -6.31429 -2.53591
0.24853 0.195871 0.179345 8.50031 -4.44284 -2.63761
0.24853 0.195871 0.179345 8.50031 -4.44284 -2.63761
0.222307 0.163373 0.140432 10.6055 -3.54513 -3.41024
0.172279 0.114977 0.0903205 3.96344 -3.80296 -4.81932
0.171068 0.123927 0.106614 5.71809 -5.61326 -4.08013
0.0635322 0.0296151 0.0165091 0.955588 -3.31427 -3.84777
0.471543 0.336251 0.286573 2.24424 -3.03638 -5.40923
0.471543 0.336251 0.286573 2.24424 -3.03638 -5.40923
0.211432 0.185323 0.177329 6.93384 0.149418 -4.27135
0.171068 0.123927 0.106614 5.71809 -5.61326 -4.08013
0.0807231 0.0464752 0.0332647 -0.451479 -3.36578 -4.79484
0.309595 0.228415 0.198502 2.30228 -0.057245 -6.72102
-1.47441 -1.08889 -0.768688 2.64427 -3.35887 -3.21316
-1.47441 -1.08889 -0.768688 2.64427 -3.35887 -3.21316
-0.136694 -0.0810284 -0.0577885 0.775748 -4.91701 -4.32038
0.0807231 0.0464752 0.0332647 -0.451479 -3.36578 -4.79484
0.131613 0.0750046 0.0526554 0.480209 -2.51524 -3.17285
0.031365 0.0197702 0.0150052 13.882 -0.921837 -2.79678
0.201901 0.126607 0.0986322 5.71717 4.07921 -5.61433
0.219935 0.152043 0.13421 -1.53619 -2.11226 -2.82684
0.570102 0.50347 0.477586 8.3149 -3.66566 -4.21368
0.146032 0.0809421 0.0622831 14.3601 -2.64063 -3.37384
2.50386 1.7967 1.29408 2.62351 -4.60415 -2.00286
0.864212 0.821194 0.798521 4.84377 -2.22828 -4.11536
0.864212 0.821194 0.798521 4.84377 -2.22828 -4.11536
2.50386 1.7967 1.29408 2.62351 -4.60415 -2.00286
2.40316 1.73007 1.24539 2.09492 -5.26327 -3.40558
0.937054 0.860116 0.823694 9.59273 -3.50831 -4.78414
0.937054 0.860116 0.823694 9.59273 -3.50831 -4.78414
2.40316 1.73007 1.24539 2.09492 -5.26327 -3.40558
2.19162 1.51286 1.08121 1.75463 -5.07169 -2.88484
2.19162 1.51286 1.08121 1.75463 -5.07169 -2.88484
0.626077 0.600056 0.580202 11.7513 -2.47531 -4.8756
0.937054 0.860116 0.823694 9.59273 -3.50831 -4.78414
0.626077 0.600056 0.580202 11.7513 -2.47531 -4.8756
2.19162 1.51286 1.08121 1.75463 -5.07169 -2.88484
10.6919 7.54587 6.11915 0.0369865 -0.975616 -0.315339
0.15656 0.140384 0.13345 14.7881 -3.15801 -4.14225
-0.0138167 -0.00584448 -0.00356282 0.124575 -2.24149 -1.63791
-0.599353 -0.611031 -0.60566 15.6069 -1.5074 -3.92357
0.15656 0.140384 0.13345 14.7881 -3.15801 -4.14225
10.6919 7.54587 6.11915 0.0369865 -0.975616 -0.315339
-0.0138167 -0.00584448 -0.00356282 0.124575 -2.24149 -1.63791
0.0718353 0.0554641 0.0495157 0.0354422 0.986362 0.0214827
0.0185737 0.00880494 0.00409233 17.1678 -2.50235 -2.71432
0.0185737 0.00880494 0.00409233 17.1678 -2.50235 -2.71432
-0.599353 -0.611031 -0.60566 15.6069 -1.5074 -3.92357
-0.0138167 -0.00584448 -0.00356282 0.124575 -2.24149 -1.63791
0.0185737 0.00880494 0.00409233 17.1678 -2.50235 -2.71432
0.0718353 0.0554641 0.0495157 0.0354422 0.986362 0.0214827
0.623478 0.432377 0.35435 0.0220314 2.15688 -0.045278
0.037596 0.0251065 0.0211691 15.6055 -1.80704 -3.73822
0.037596 0.0251065 0.0211691 15.6055 -1.80704 -3.73822
0.623478 0.432377 0.35435 0.0220314 2.15688 -0.045278
0.237413 0.106311 0.0667836 4.93928 4.97506 -4.75735
0.237413 0.106311 0.0667836 4.93928 4.97506 -4.75735
0.0630479 0.0404445 0.031472 13.0137 0.169282 -4.99037
0.037596 0.0251065 0.0211691 15.6055 -1.80704 -3.73822
0.237413 0.106311 0.0667836 4.93928 4.97506 -4.75735
0.127388 0.09185 0.0768614 11.7966 -2.88627 -4.87539
0.0122128 0.0101505 0.00934809 14.8147 -1.7696 -3.08722
0.0630479 0.0404445 0.031472 13.0137 0.169282 -4.99037
0.222307 0.163373 0.140432 10.6055 -3.54513 -3.41024
0.146032 0.0809421 0.0622831 14.3601 -2.64063 -3.37384
0.165938 0.108801 0.086164 14.107 -2.60479 -3.5627
0.181321 0.124424 0.101738 13.4515 -4.51106 -2.89753
2.50386 1.7967 1.29408 2.62351 -4.60415 -2.00286
0.146032 0.0809421 0.0622831 14.3601 -2.64063 -3.37384
0.222307 0.163373 0.140432 10.6055 -3.54513 -3.41024
0.24853 0.195871 0.179345 8.50031 -4.44284 -2.63761
2.40316 1.73007 1.24539 2.09492 -5.26327 -3.40558
2.50386 1.7967 1.29408 2.62351 -4.60415 -2.00286
0.24853 0.195871 0.179345 8.50031 -4.44284 -2.63761
0.0881226 0.0528731 0.0430116 10.0113 -1.44272 -3.98364
0.0881226 0.0528731 0.0430116 10.0113 -1.44272 -3.98364
0.211432 0.185323 0.177329 6.93384 0.149418 -4.27135
2.19162 1.51286 1.08121 1.75463 -5.07169 -2.88484
2.19162 1.51286 1.08121 1.75463 -5.07169 -2.88484
2.40316 1.73007 1.24539 2.09492 -5.26327 -3.40558
0.0881226 0.0528731 0.0430116 10.0113 -1.44272 -3.98364
10.6919 7.54587 6.11915 0.0369865 -0.975616 -0.315339
2.19162 1.51286 1.08121 1.75463 -5.07169 -2.88484
0.211432 0.185323 0.177329 6.93384 0.149418 -4.27135
0.471543 0.336251 0.286573 2.24424 -3.03638 -5.40923
0.471543 0.336251 0.286573 2.24424 -3.03638 -5.40923
-0.153913 -0.101079 -0.0788103 1.2659 -2.00442 -6.30711
-0.0138167 -0.00584448 -0.00356282 0.124575 -2.24149 -1.63791
10.6919 7.54587 6.11915 0.0369865 -0.975616 -0.315339
-1.47441 -1.08889 -0.768688 2.64427 -3.35887 -3.21316
0.0718353 0.0554641 0.0495157 0.0354422 0.986362 0.0214827
-0.0138167 -0.00584448 -0.00356282 0.124575 -2.24149 -1.63791
-0.0138167 -0.00584448 -0.00356282 0.124575 -2.24149 -1.63791
-0.153913 -0.101079 -0.0788103 1.2659 -2.00442 -6.30711
-1.47441 -1.08889 -0.768688 2.64427 -3.35887 -3.21316
0.309595 0.228415 0.198502 2.30228 -0.057245 -6.72102
0.623478 0.432377 0.35435 0.0220314 2.15688 -0.045278
0.0718353 0.0554641 0.0495157 0.0354422 0.986362 0.0214827
0.0718353 0.0554641 0.0495157 0.0354422 0.986362 0.0214827
-1.47441 -1.08889 -0.768688 2.64427 -3.35887 -3.21316
0.309595 0.228415 0.198502 2.30228 -0.057245 -6.72102
0.201901 0.126607 0.0986322 5.71717 4.07921 -5.61433
0.237413 0.106311 0.0667836 4.93928 4.97506 -4.75735
0.623478 0.432377 0.35435 0.0220314 2.15688 -0.045278
0.623478 0.432377 0.35435 0.0220314 2.15688 -0.045278
0.309595 0.228415 0.198502 2.30228 -0.057245 -6.72102
0.201901 0.126607 0.0986322 5.71717 4.07921 -5.61433
0.127388 0.09185 0.0768614 11.7966 -2.88627 -4.87539
0.237413 0.106311 0.0667836 4.93928 4.97506 -4.75735
0.201901 0.126607 0.0986322 5.71717 4.07921 -5.61433
0.031365 0.0197702 0.0150052 13.882 -0.921837 -2.79678
0.861467 0.844158 0.823713 8.93092 -2.849 -1.62653
0.376808 0.366316 0.356727 13.8041 -1.93416 -2.47547
-0.195619 -0.105779 -0.0323742 -0.818965 -1.9054 -0.215168
0.506291 0.500115 0.489872 1.6342 -2.50097 -0.559865
-5.51559 -4.95762 -4.5471 -1.0376 -2.04036 -0.830482
-0.0170573 -0.016868 -0.0170067 14.9863 -2.31696 -1.82892
0.0194444 0.0157853 0.0143658 13.3088 -1.86886 -2.78836
-0.740798 -0.600144 -0.452525 -1.82863 -0.144687 0.824311
0.0617497 0.0568707 0.055511 13.1632 0.107181 -2.59946
0.0097529 0.00382404 0.00233429 15.3225 -1.14658 -1.76932
0.598443 0.595142 0.583891 6.61767 -1.45238 -0.0228654
0.0257045 0.0293941 0.031453 -1.55975 -0.216983 0.461245
0.229674 0.176337 0.1619 -1.62944 -0.971421 0.0977625
0.172279 0.114977 0.0903205 3.96344 -3.80296 -4.81932
0.0178728 0.00473635 -0.000333995 1.36725 -4.5435 -3.15002
0.0178728 0.00473635 -0.000333995 1.36725 -4.5435 -3.15002
-0.367936 -0.327515 -0.300581 0.789435 -0.81416 0.800607
0.229674 0.176337 0.1619 -1.62944 -0.971421 0.0977625
0.706939 0.698745 0.684003 0.375746 -2.01247 -1.7174
0.131244 0.0948087 0.0818051 5.64496 -5.67464 -3.40092
0.233758 0.179297 0.157634 6.35322 -6.31429 -2.53591
2.09158 1.76235 1.485 1.68788 -2.74148 -0.87679
0.506291 0.500115 0.489872 1.6342 -2.50097 -0.559865
0.171068 0.123927 0.106614 5.71809 -5.61326 -4.08013
0.131244 0.0948087 0.0818051 5.64496 -5.67464 -3.40092
0.131244 0.0948087 0.0818051 5.64496 -5.67464 -3.40092
0.706939 0.698745 0.684003 0.375746 -2.01247 -1.7174
0.506291 0.500115 0.489872 1.6342 -2.50097 -0.559865
-2.69957 -2.1795 -1.74976 -0.737822 -2.13319 0.410598
-0.20868 -0.130968 -0.0977771 0.242785 -3.01673 -4.39845
0.0635322 0.0296151 0.0165091 0.955588 -3.31427 -3.84777
-0.195619 -0.105779 -0.0323742 -0.818965 -1.9054 -0.215168
-0.136694 -0.0810284 -0.0577885 0.775748 -4.91701 -4.32038
-0.20868 -0.130968 -0.0977771 0.242785 -3.01673 -4.39845
-2.69957 -2.1795 -1.74976 -0.737822 -2.13319 0.410598
-2.69957 -2.1795 -1.74976 -0.737822 -2.13319 0.410598
-5.51559 -4.95762 -4.5471 -1.0376 -2.04036 -0.830482
-0.136694 -0.0810284 -0.0577885 0.775748 -4.91701 -4.32038
0.598443 0.595142 0.583891 6.61767 -1.45238 -0.0228654
0.131613 0.0750046 0.0526554 0.480209 -2.51524 -3.17285
0.219935 0.152043 0.13421 -1.53619 -2.11226 -2.82684
0.219935 0.152043 0.13421 -1.53619 -2.11226 -2.82684
0.0257045 0.0293941 0.031453 -1.55975 -0.216983 0.461245
0.598443 0.595142 0.583891 6.61767 -1.45238 -0.0228654
1.20183 1.11687 1.07018 8.58363 -4.68114 -0.863979
1.04828 1.01895 0.993571 7.55532 -3.7365 -2.7743
0.706939 0.698745 0.684003 0.375746 -2.01247 -1.7174
2.09158 1.76235 1.485 1.68788 -2.74148 -0.87679
0.861467 0.844158 0.823713 8.93092 -2.849 -1.62653
0.506291 0.500115 0.489872 1.6342 -2.50097 -0.559865
0.706939 0.698745 0.684003 0.375746 -2.01247 -1.7174
0.706939 0.698745 0.684003 0.375746 -2.01247 -1.7174
1.04828 1.01895 0.993571 7.55532 -3.7365 -2.7743
0.861467 0.844158 0.823713 8.93092 -2.849 -1.62653
0.574958 0.403517 0.331167 -5.67757 -3.68988 0.483745
0.937886 0.648345 0.491177 -2.57155 -4.3641 0.772841
0.667191 0.503001 0.440789 -3.74756 -0.914936 -3.36541
0.647256 0.538997 0.487652 -6.56611 -3.17301 -3.74774
0.425282 0.285576 0.2253 -5.39405 -3.65303 -2.2156
0.0600679 0.0473354 0.0425986 -9.52311 -2.68044 -0.882967
0.574861 0.479684 0.436415 -8.90049 -3.12194 -1.85543
0.702552 0.572685 0.516587 -8.13013 -3.46264 -3.78868
0.0422423 0.025991 0.0215373 -13.6413 -1.10734 -4.53325
-0.0744473 -0.077527 -0.0781124 -12.2977 -0.976772 -3.20913
-0.54534 -0.381138 -0.285624 -8.08832 -3.67747 -2.14495
0.126916 0.0878309 0.0713206 -9.61464 -1.1334 -0.719177
0.49646 0.313091 0.239646 -10.2811 -0.191997 -1.39178
0.37972 0.292763 0.255967 -8.47114 -1.47611 -2.01564
0.344847 0.299907 0.287269 -8.63951 -1.79669 -4.38657
0.0892807 0.0507557 0.0377386 -11.6297 3.75198 -5.52785
0.0433734 0.0533986 0.0549548 -7.09735 -4.13995 -1.16245
0.574958 0.403517 0.331167 -5.67757 -3.68988 0.483745
0.647256 0.538997 0.487652 -6.56611 -3.17301 -3.74774
0.428277 0.357419 0.32734 -6.85462 -4.86462 -4.11719
0.937886 0.648345 0.491177 -2.57155 -4.3641 0.772841
0.303968 0.220025 0.186437 -5.0869 -3.24386 -2.39977
0.766642 0.577969 0.50236 -6.01563 -4.21865 -2.81854
0.667191 0.503001 0.440789 -3.74756 -0.914936 -3.36541
0.425282 0.285576 0.2253 -5.39405 -3.65303 -2.2156
0.702552 0.572685 0.516587 -8.13013 -3.46264 -3.78868
0.766642 0.577969 0.50236 -6.01563 -4.21865 -2.81854
0.766642 0.577969 0.50236 -6.01563 -4.21865 -2.81854
0.303968 0.220025 0.186437 -5.0869 -3.24386 -2.39977
0.425282 0.285576 0.2253 -5.39405 -3.65303 -2.2156
0.0107145 0.00553174 0.00238915 -5.06835 -3.21718 -0.835944
0.0723185 0.0564267 0.050406 -12.3378 -3.34697 -2.67127
0.574861 0.479684 0.436415 -8.90049 -3.12194 -1.85543
0.0600679 0.0473354 0.0425986 -9.52311 -2.68044 -0.882967
-0.0744473 -0.077527 -0.0781124 -12.2977 -0.976772 -3.20913
0.0723185 0.0564267 0.050406 -12.3378 -3.34697 -2.67127
0.0107145 0.00553174 0.00238915 -5.06835 -3.21718 -0.835944
-0.54534 -0.381138 -0.285624 -8.08832 -3.67747 -2.14495
0.0892807 0.0507557 0.0377386 -11.6297 3.75198 -5.52785
0.0422423 0.025991 0.0215373 -13.6413 -1.10734 -4.53325
0.126916 0.0878309 0.0713206 -9.61464 -1.1334 -0.719177
0.126916 0.0878309 0.0713206 -9.61464 -1.1334 -0.719177
0.49646 0.313091 0.239646 -10.2811 -0.191997 -1.39178
0.0892807 0.0507557 0.0377386 -11.6297 3.75198 -5.52785
-0.976204 -1.16329 -1.20678 0.747097 -2.57721 -0.117165
0.937886 0.648345 0.491177 -2.57155 -4.3641 0.772841
0.574958 0.403517 0.331167 -5.67757 -3.68988 0.483745
-0.370748 -0.496284 -0.539802 0.390124 -2.50438 0.946049
-0.568449 -0.460278 -0.419007 0.992097 -3.3676 1.2228
0.0107145 0.00553174 0.00238915 -5.06835 -3.21718 -0.835944
0.0600679 0.0473354 0.0425986 -9.52311 -2.68044 -0.882967
0.0416508 0.0203621 0.0145442 1.30994 -1.91948 0.360356
-0.54534 -0.381138 -0.285624 -8.08832 -3.67747 -2.14495
0.0107145 0.00553174 0.00238915 -5.06835 -3.21718 -0.835944
-0.568449 -0.460278 -0.419007 0.992097 -3.3676 1.2228
-0.568449 -0.460278 -0.419007 0.992097 -3.3676 1.2228
-0.887616 -0.641325 -0.534304 1.15752 -2.61417 0.381863
-0.54534 -0.381138 -0.285624 -8.08832 -3.67747 -2.14495
0.49646 0.313091 0.239646 -10.2811 -0.191997 -1.39178
0.126916 0.0878309 0.0713206 -9.61464 -1.1334 -0.719177
0.177418 0.107613 0.0786908 1.72985 -1.15267 1.50285
0.341418 0.203168 0.157757 2.7399 0.108826 0.0421864
0.369961 0.216463 0.162751 -1.30905 -3.70558 -3.36786
0.424722 0.291249 0.240773 -2.80488 -4.4069 -2.46215
-0.976204 -1.16329 -1.20678 0.747097 -2.57721 -0.117165
-0.370748 -0.496284 -0.539802 0.390124 -2.50438 0.946049
0.217808 0.136898 0.109804 -4.30281 -4.29793 -3.70996
0.257713 0.168941 0.140552 0.531559 -2.56006 -3.2765
0.0416508 0.0203621 0.0145442 1.30994 -1.91948 0.360356
0.0726555 0.0379863 0.0257608 1.403 -2.31322 -1.22784
-0.399432 -0.236457 -0.174198 0.268474 -3.80798 -1.87174
0.192079 0.111085 0.0845046 0.802692 -2.91003 -4.02429
0.177418 0.107613 0.0786908 1.72985 -1.15267 1.50285
0.177418 0.107613 0.0786908 1.72985 -1.15267 1.50285
-0.887616 -0.641325 -0.534304 1.15752 -2.61417 0.381863
-0.399432 -0.236457 -0.174198 0.268474 -3.80798 -1.87174
0.192079 0.111085 0.0845046 0.802692 -2.91003 -4.02429
0.826469 0.655474 0.557091 1.33735 -1.59802 -3.91863
0.341418 0.203168 0.157757 2.7399 0.108826 0.0421864
0.341418 0.203168 0.157757 2.7399 0.108826 0.0421864
0.177418 0.107613 0.0786908 1.72985 -1.15267 1.50285
0.192079 0.111085 0.0845046 0.802692 -2.91003 -4.02429
0.369961 0.216463 0.162751 -1.30905 -3.70558 -3.36786
0.0675647 0.0374784 0.0295121 -0.823231 -2.76003 -4.91036
0.195812 0.173834 0.164365 -9.76204 -4.18603 -4.08729
0.195812 0.173834 0.164365 -9.76204 -4.18603 -4.08729
0.582172 0.471828 0.423274 -4.71874 -3.48345 -1.80366
0.369961 0.216463 0.162751 -1.30905 -3.70558 -3.36786
0.52774 0.49955 0.485583 -7.47292 -1.85135 -1.21087
0.204236 0.132225 0.107846 -4.43034 -4.47376 -2.85784
0.424722 0.291249 0.240773 -2.80488 -4.4069 -2.46215
0.424722 0.291249 0.240773 -2.80488 -4.4069 -2.46215
0.866551 0.644186 0.553425 -4.56906 -2.95034 -1.98664
0.52774 0.49955 0.485583 -7.47292 -1.85135 -1.21087
0.52774 0.49955 0.485583 -7.47292 -1.85135 -1.21087
0.689032 0.509132 0.448964 -4.35751 -2.75296 -3.00128
0.217808 0.136898 0.109804 -4.30281 -4.29793 -3.70996
0.217808 0.136898 0.109804 -4.30281 -4.29793 -3.70996
0.204236 0.132225 0.107846 -4.43034 -4.47376 -2.85784
0.52774 0.49955 0.485583 -7.47292 -1.85135 -1.21087
1.56404 1.01432 0.799291 0.387927 -3.22028 -2.3681
-0.0177476 -0.00731517 -0.00384503 -0.161014 -3.07653 -5.47946
-0.0320458 -0.0151562 -0.00866893 -0.0652278 -3.26823 -3.25586
0.257713 0.168941 0.140552 0.531559 -2.56006 -3.2765
-0.0320458 -0.0151562 -0.00866893 -0.0652278 -3.26823 -3.25586
-0.0177476 -0.00731517 -0.00384503 -0.161014 -3.07653 -5.47946
0.0525854 0.0182638 -0.00581824 -2.43139 -5.99007 -2.04678
-0.399432 -0.236457 -0.174198 0.268474 -3.80798 -1.87174
1.61326 1.16393 0.992493 -0.766739 -2.52128 -4.93884
0.238464 0.155358 0.12664 -5.01357 2.78677 -5.68592
0.826469 0.655474 0.557091 1.33735 -1.59802 -3.91863
0.826469 0.655474 0.557091 1.33735 -1.59802 -3.91863
0.192079 0.111085 0.0845046 0.802692 -2.91003 -4.02429
1.61326 1.16393 0.992493 -0.766739 -2.52128 -4.93884
0.866551 0.644186 0.553425 -4.56906 -2.95034 -1.98664
0.424722 0.291249 0.240773 -2.80488 -4.4069 -2.46215
0.369961 0.216463 0.162751 -1.30905 -3.70558 -3.36786
0.369961 0.216463 0.162751 -1.30905 -3.70558 -3.36786
0.582172 0.471828 0.423274 -4.71874 -3.48345 -1.80366
0.866551 0.644186 0.553425 -4.56906 -2.95034 -1.98664
1.56404 1.01432 0.799291 0.387927 -3.22028 -2.3681
0.257713 0.168941 0.140552 0.531559 -2.56006 -3.2765
0.217808 0.136898 0.109804 -4.30281 -4.29793 -3.70996
0.217808 0.136898 0.109804 -4.30281 -4.29793 -3.70996
0.689032 0.509132 0.448964 -4.35751 -2.75296 -3.00128
1.56404 1.01432 0.799291 0.387927 -3.22028 -2.3681
0.0525854 0.0182638 -0.00581824 -2.43139 -5.99007 -2.04678
1.61326 1.16393 0.992493 -0.766739 -2.52128 -4.93884
0.192079 0.111085 0.0845046 0.802692 -2.91003 -4.02429
0.192079 0.111085 0.0845046 0.802692 -2.91003 -4.02429
-0.399432 -0.236457 -0.174198 0.268474 -3.80798 -1.87174
0.0525854 0.0182638 -0.00581824 -2.43139 -5.99007 -2.04678
0.238464 0.155358 0.12664 -5.01357 2.78677 -5.68592
0.27702 0.253999 0.248392 -8.83932 -0.071193 -5.07725
-1.69783 -1.69815 -1.67019 -2.68131 -1.2051 -4.20491
0.826469 0.655474 0.557091 1.33735 -1.59802 -3.91863
1.77139 1.24668 0.997071 -2.57898 -5.14966 -2.69863
0.495128 0.397425 0.362717 -6.80831 -1.30391 -3.0834
0.647256 0.538997 0.487652 -6.56611 -3.17301 -3.74774
0.667191 0.503001 0.440789 -3.74756 -0.914936 -3.36541
1.4376 1.07876 0.893837 -2.28487 -5.14201 -2.55084
1.77139 1.24668 0.997071 -2.57898 -5.14966 -2.69863
0.667191 0.503001 0.440789 -3.74756 -0.914936 -3.36541
0.766642 0.577969 0.50236 -6.01563 -4.21865 -2.81854
1.20563 0.825904 0.648554 -1.22047 -5.12802 -2.96934
1.4376 1.07876 0.893837 -2.28487 -5.14201 -2.55084
0.766642 0.577969 0.50236 -6.01563 -4.21865 -2.81854
0.766642 0.577969 0.50236 -6.01563 -4.21865 -2.81854
0.702552 0.572685 0.516587 -8.13013 -3.46264 -3.78868
1.20563 0.825904 0.648554 -1.22047 -5.12802 -2.96934
13.726 9.50905 7.75138 0.0873712 -0.569578 -0.0279485
1.20563 0.825904 0.648554 -1.22047 -5.12802 -2.96934
0.702552 0.572685 0.516587 -8.13013 -3.46264 -3.78868
0.574861 0.479684 0.436415 -8.90049 -3.12194 -1.85543
0.574861 0.479684 0.436415 -8.90049 -3.12194 -1.85543
0.0723185 0.0564267 0.050406 -12.3378 -3.34697 -2.67127
-0.060602 -0.0571029 -0.0551044 -0.137106 -2.1482 -1.57609
13.726 9.50905 7.75138 0.0873712 -0.569578 -0.0279485
-0.0744473 -0.077527 -0.0781124 -12.2977 -0.976772 -3.20913
-0.574234 -0.365959 -0.264383 0.035475 0.286052 -0.0612328
-0.060602 -0.0571029 -0.0551044 -0.137106 -2.1482 -1.57609
-0.060602 -0.0571029 -0.0551044 -0.137106 -2.1482 -1.57609
0.0723185 0.0564267 0.050406 -12.3378 -3.34697 -2.67127
-0.0744473 -0.077527 -0.0781124 -12.2977 -0.976772 -3.20913
0.0894525 0.058276 0.0464735 0.0256175 1.50367 -0.0828049
-0.574234 -0.365959 -0.264383 0.035475 0.286052 -0.0612328
-0.0744473 -0.077527 -0.0781124 -12.2977 -0.976772 -3.20913
0.0422423 0.025991 0.0215373 -13.6413 -1.10734 -4.53325
0.217441 0.157984 0.137391 -4.67114 4.74964 -4.8525
0.0894525 0.058276 0.0464735 0.0256175 1.50367 -0.0828049
0.0422423 0.025991 0.0215373 -13.6413 -1.10734 -4.53325
0.0422423 0.025991 0.0215373 -13.6413 -1.10734 -4.53325
0.0892807 0.0507557 0.0377386 -11.6297 3.75198 -5.52785
0.217441 0.157984 0.137391 -4.67114 4.74964 -4.8525
0.344847 0.299907 0.287269 -8.63951 -1.79669 -4.38657
0.543413 0.501769 0.48432 -11.0919 -3.10753 -4.95395
0.217441 0.157984 0.137391 -4.67114 4.74964 -4.8525
0.0892807 0.0507557 0.0377386 -11.6297 3.75198 -5.52785
0.333465 0.29343 0.276938 -8.18974 -3.75241 -4.99528
0.495128 0.397425 0.362717 -6.80831 -1.30391 -3.0834
0.582172 0.471828 0.423274 -4.71874 -3.48345 -1.80366
0.195812 0.173834 0.164365 -9.76204 -4.18603 -4.08729
0.582172 0.471828 0.423274 -4.71874 -3.48345 -1.80366
0.495128 0.397425 0.362717 -6.80831 -1.30391 -3.0834
1.77139 1.24668 0.997071 -2.57898 -5.14966 -2.69863
0.866551 0.644186 0.553425 -4.56906 -2.95034 -1.98664
0.866551 0.644186 0.553425 -4.56906 -2.95034 -1.98664
1.77139 1.24668 0.997071 -2.57898 -5.14966 -2.69863
1.4376 1.07876 0.893837 -2.28487 -5.14201 -2.55084
0.52774 0.49955 0.485583 -7.47292 -1.85135 -1.21087
1.20563 0.825904 0.648554 -1.22047 -5.12802 -2.96934
0.689032 0.509132 0.448964 -4.35751 -2.75296 -3.00128
0.52774 0.49955 0.485583 -7.47292 -1.85135 -1.21087
0.52774 0.49955 0.485583 -7.47292 -1.85135 -1.21087
1.4376 1.07876 0.893837 -2.28487 -5.14201 -2.55084
1.20563 0.825904 0.648554 -1.22047 -5.12802 -2.96934
0.689032 0.509132 0.448964 -4.35751 -2.75296 -3.00128
1.20563 0.825904 0.648554 -1.22047 -5.12802 -2.96934
13.726 9.50905 7.75138 0.0873712 -0.569578 -0.0279485
1.56404 1.01432 0.799291 0.387927 -3.22028 -2.3681
-0.060602 -0.0571029 -0.0551044 -0.137106 -2.1482 -1.57609
-0.0177476 -0.00731517 -0.00384503 -0.161014 -3.07653 -5.47946
1.56404 1.01432 0.799291 0.387927 -3.22028 -2.3681
13.726 9.50905 7.75138 0.0873712 -0.569578 -0.0279485
-0.060602 -0.0571029 -0.0551044 -0.137106 -2.1482 -1.57609
-0.574234 -0.365959 -0.264383 0.035475 0.286052 -0.0612328
0.0525854 0.0182638 -0.00581824 -2.43139 -5.99007 -2.04678
0.0525854 0.0182638 -0.00581824 -2.43139 -5.99007 -2.04678
-0.0177476 -0.00731517 -0.00384503 -0.161014 -3.07653 -5.47946
-0.060602 -0.0571029 -0.0551044 -0.137106 -2.1482 -1.57609
-0.574234 -0.365959 -0.264383 0.035475 0.286052 -0.0612328
0.0894525 0.058276 0.0464735 0.0256175 1.50367 -0.0828049
1.61326 1.16393 0.992493 -0.766739 -2.52128 -4.93884
1.61326 1.16393 0.992493 -0.766739 -2.52128 -4.93884
0.0525854 0.0182638 -0.00581824 -2.43139 -5.99007 -2.04678
-0.574234 -0.365959 -0.264383 0.035475 0.286052 -0.0612328
0.0894525 0.058276 0.0464735 0.0256175 1.50367 -0.0828049
0.217441 0.157984 0.137391 -4.67114 4.74964 -4.8525
0.238464 0.155358 0.12664 -5.01357 2.78677 -5.68592
0.238464 0.155358 0.12664 -5.01357 2.78677 -5.68592
1.61326 1.16393 0.992493 -0.766739 -2.52128 -4.93884
0.0894525 0.058276 0.0464735 0.0256175 1.50367 -0.0828049
0.238464 0.155358 0.12664 -5.01357 2.78677 -5.68592
0.217441 0.157984 0.137391 -4.67114 4.74964 -4.8525
0.543413 0.501769 0.48432 -11.0919 -3.10753 -4.95395
0.27702 0.253999 0.248392 -8.83932 -0.071193 -5.07725
0.0416508 0.0203621 0.0145442 1.30994 -1.91948 0.360356
0.0600679 0.0473354 0.0425986 -9.52311 -2.68044 -0.882967
0.425282 0.285576 0.2253 -5.39405 -3.65303 -2.2156
0.0726555 0.0379863 0.0257608 1.403 -2.31322 -1.22784
0.126916 0.0878309 0.0713206 -9.61464 -1.1334 -0.719177
-0.54534 -0.381138 -0.285624 -8.08832 -3.67747 -2.14495
-0.887616 -0.641325 -0.534304 1.15752 -2.61417 0.381863
0.177418 0.107613 0.0786908 1.72985 -1.15267 1.50285
0.136738 0.104717 0.0921684 -0.108752 -1.18309 0.146575
0.37972 0.292763 0.255967 -8.47114 -1.47611 -2.01564
0.49646 0.313091 0.239646 -10.2811 -0.191997 -1.39178
0.341418 0.203168 0.157757 2.7399 0.108826 0.0421864
0.0675647 0.0374784 0.0295121 -0.823231 -2.76003 -4.91036
0.369961 0.216463 0.162751 -1.30905 -3.70558 -3.36786
-0.370748 -0.496284 -0.539802 0.390124 -2.50438 0.946049
-0.370748 -0.496284 -0.539802 0.390124 -2.50438 0.946049
-0.544665 -0.55959 -0.561562 1.33011 -1.59416 1.02103
0.0675647 0.0374784 0.0295121 -0.823231 -2.76003 -4.91036
0.424722 0.291249 0.240773 -2.80488 -4.4069 -2.46215
0.204236 0.132225 0.107846 -4.43034 -4.47376 -2.85784
0.104158 0.0602439 0.0432797 0.901118 -1.93724 -0.40907
-0.976204 -1.16329 -1.20678 0.747097 -2.57721 -0.117165
0.204236 0.132225 0.107846 -4.43034 -4.47376 -2.85784
0.217808 0.136898 0.109804 -4.30281 -4.29793 -3.70996
0.0726555 0.0379863 0.0257608 1.403 -2.31322 -1.22784
0.0726555 0.0379863 0.0257608 1.403 -2.31322 -1.22784
0.104158 0.0602439 0.0432797 0.901118 -1.93724 -0.40907
0.204236 0.132225 0.107846 -4.43034 -4.47376 -2.85784
0.257713 0.168941 0.140552 0.531559 -2.56006 -3.2765
-0.0320458 -0.0151562 -0.00866893 -0.0652278 -3.26823 -3.25586
-0.568449 -0.460278 -0.419007 0.992097 -3.3676 1.2228
0.0416508 0.0203621 0.0145442 1.30994 -1.91948 0.360356
-0.568449 -0.460278 -0.419007 0.992097 -3.3676 1.2228
-0.0320458 -0.0151562 -0.00866893 -0.0652278 -3.26823 -3.25586
-0.399432 -0.236457 -0.174198 0.268474 -3.80798 -1.87174
-0.399432 -0.236457 -0.174198 0.268474 -3.80798 -1.87174
-0.887616 -0.641325 -0.534304 1.15752 -2.61417 0.381863
-0.568449 -0.460278 -0.419007 0.992097 -3.3676 1.2228
0.826469 0.655474 0.557091 1.33735 -1.59802 -3.91863
-1.69783 -1.69815 -1.67019 -2.68131 -1.2051 -4.20491
0.136738 0.104717 0.0921684 -0.108752 -1.18309 0.146575
0.136738 0.104717 0.0921684 -0.108752 -1.18309 0.146575
0.341418 0.203168 0.157757 2.7399 0.108826 0.0421864
0.826469 0.655474 0.557091 1.33735 -1.59802 -3.91863
0.104158 0.0602439 0.0432797 0.901118 -1.93724 -0.40907
0.303968 0.220025 0.186437 -5.0869 -3.24386 -2.39977
0.937886 0.648345 0.491177 -2.57155 -4.3641 0.772841
-0.976204 -1.16329 -1.20678 0.747097 -2.57721 -0.117165
0.104158 0.0602439 0.0432797 0.901118 -1.93724 -0.40907
0.0726555 0.0379863 0.0257608 1.403 -2.31322 -1.22784
0.425282 0.285576 0.2253 -5.39405 -3.65303 -2.2156
0.425282 0.285576 0.2253 -5.39405 -3.65303 -2.2156
0.303968 0.220025 0.186437 -5.0869 -3.24386 -2.39977
0.104158 0.0602439 0.0432797 0.901118 -1.93724 -0.40907
