0.281396 0.202579 0.168555 11.0409 0.115083 2.66234
0.108983 0.0926508 0.08675 15.6439 -0.634481 3.55416
0.069678 0.0481898 0.0399007 14.5392 -1.29029 4.36442
0.0644588 0.0525622 0.0486058 11.5475 -3.24147 0.648226
-0.231899 -0.148297 -0.121818 14.6568 -0.0327778 3.12519
-0.0996308 -0.064199 -0.0512379 1.95381 -3.27919 3.17588
0.164571 0.111462 0.0936365 12.0554 0.0487975 4.33212
0.142454 0.114529 0.102309 18.7249 -2.6138 3.46831
0.108983 0.0926508 0.08675 15.6439 -0.634481 3.55416
0.115476 0.0747554 0.0610278 15.1838 1.80007 3.89706
0.188486 0.139907 0.123953 14.1009 -2.65992 5.50901
0.069678 0.0481898 0.0399007 14.5392 -1.29029 4.36442
0.164571 0.111462 0.0936365 12.0554 0.0487975 4.33212
0.188486 0.139907 0.123953 14.1009 -2.65992 5.50901
0.115476 0.0747554 0.0610278 15.1838 1.80007 3.89706
0.142454 0.114529 0.102309 18.7249 -2.6138 3.46831
0.281396 0.202579 0.168555 11.0409 0.115083 2.66234
0.0644588 0.0525622 0.0486058 11.5475 -3.24147 0.648226
-0.0684647 -0.0599383 -0.0557324 12.0881 -1.75611 -1.26577
0.00522842 -0.00229018 0.00145101 -0.986577 0.332869 0.116921
-0.0996308 -0.064199 -0.0512379 1.95381 -3.27919 3.17588
-0.231899 -0.148297 -0.121818 14.6568 -0.0327778 3.12519
0.00522842 -0.00229018 0.00145101 -0.986577 0.332869 0.116921
0.00522842 -0.00229018 0.00145101 -0.986577 0.332869 0.116921
-0.0684647 -0.0599383 -0.0557324 12.0881 -1.75611 -1.26577
-0.0996308 -0.064199 -0.0512379 1.95381 -3.27919 3.17588
-0.424384 -0.401399 -0.397445 -10.8433 -1.5088 4.0667
0.475616 0.403351 0.370384 -6.82757 -1.36298 3.64415
0.0421812 0.0030535 -0.0101068 -7.61822 -0.193434 2.76002
0.0593474 0.0447037 0.0362188 -8.3803 -2.11656 -0.00155973
0.308678 0.253049 0.229005 -5.33268 0.088212 2.41168
-0.0112699 -0.0155795 -0.0162782 -0.71543 -3.51164 2.65557
-0.0320468 -0.0251326 -0.0216976 -6.30162 2.48866 3.92339
0.246807 0.185525 0.161815 -9.24388 -0.821817 4.19571
0.384602 0.321755 0.292319 -10.1004 -3.6552 4.46021
4.23002 3.80131 3.66366 -9.46485 1.51762 4.9599
0.475616 0.403351 0.370384 -6.82757 -1.36298 3.64415
-0.424384 -0.401399 -0.397445 -10.8433 -1.5088 4.0667
4.23002 3.80131 3.66366 -9.46485 1.51762 4.9599
0.384602 0.321755 0.292319 -10.1004 -3.6552 4.46021
0.308678 0.253049 0.229005 -5.33268 0.088212 2.41168
0.246807 0.185525 0.161815 -9.24388 -0.821817 4.19571
-0.0599383 -0.0474124 -0.03776 -4.94741 -1.64049 -0.746753
0.0593474 0.0447037 0.0362188 -8.3803 -2.11656 -0.00155973
0.0421812 0.0030535 -0.0101068 -7.61822 -0.193434 2.76002
0.32581 0.167911 0.121075 0.230002 0.781111 -1.02616
0.32581 0.167911 0.121075 0.230002 0.781111 -1.02616
-0.0320468 -0.0251326 -0.0216976 -6.30162 2.48866 3.92339
-0.0112699 -0.0155795 -0.0162782 -0.71543 -3.51164 2.65557
-0.0112699 -0.0155795 -0.0162782 -0.71543 -3.51164 2.65557
-0.0599383 -0.0474124 -0.03776 -4.94741 -1.64049 -0.746753
0.32581 0.167911 0.121075 0.230002 0.781111 -1.02616
0.0934394 0.0584105 0.0440027 14.8147 -1.7696 -3.08722
0.192721 0.127326 0.101707 9.582 -1.12375 -4.39134
-0.0108708 -0.00925932 -0.0081867 9.19756 1.77444 -5.38018
0.0159794 0.00920966 0.00663268 15.3225 -1.14658 -1.76932
0.150762 0.121688 0.107217 13.882 -0.921837 -2.79678
0.030231 0.0174368 0.0127462 0.480209 -2.51524 -3.17285
0.00105141 -0.00175822 -0.00316329 10.4448 0.901402 -4.45364
0.0829812 0.0551008 0.0448346 15.0092 -0.0274042 -3.0759
0.188749 0.136091 0.113488 11.7966 -2.88627 -4.87539
0.228561 0.158019 0.129167 13.1783 1.80222 -4.69358
0.192721 0.127326 0.101707 9.582 -1.12375 -4.39134
0.0934394 0.0584105 0.0440027 14.8147 -1.7696 -3.08722
0.228561 0.158019 0.129167 13.1783 1.80222 -4.69358
0.188749 0.136091 0.113488 11.7966 -2.88627 -4.87539
0.150762 0.121688 0.107217 13.882 -0.921837 -2.79678
0.0829812 0.0551008 0.0448346 15.0092 -0.0274042 -3.0759
-0.164723 -0.161965 -0.15811 6.61767 -1.45238 -0.0228654
0.0159794 0.00920966 0.00663268 15.3225 -1.14658 -1.76932
-0.0108708 -0.00925932 -0.0081867 9.19756 1.77444 -5.38018
0.147923 0.128052 0.122537 -0.484265 2.23179 -1.20352
0.147923 0.128052 0.122537 -0.484265 2.23179 -1.20352
0.00105141 -0.00175822 -0.00316329 10.4448 0.901402 -4.45364
0.030231 0.0174368 0.0127462 0.480209 -2.51524 -3.17285
0.030231 0.0174368 0.0127462 0.480209 -2.51524 -3.17285
-0.164723 -0.161965 -0.15811 6.61767 -1.45238 -0.0228654
0.147923 0.128052 0.122537 -0.484265 2.23179 -1.20352
0.416733 0.278107 0.217214 -5.70606 1.706 -2.10252
0.294361 0.249324 0.23525 -7.96231 0.378138 -4.49316
0.361717 0.314643 0.301517 -8.63951 -1.79669 -4.38657
0.123275 0.0900893 0.0763048 -8.47114 -1.47611 -2.01564
0.0748539 0.0418446 0.0329748 -2.69343 1.84907 -3.74284
1.15696 1.15594 1.13852 -2.68131 -1.2051 -4.20491
0.436146 0.387876 0.373874 -8.83932 -0.071193 -5.07725
0.113079 0.0748578 0.06159 -8.30925 -1.94405 -3.44156
0.294361 0.249324 0.23525 -7.96231 0.378138 -4.49316
0.363635 0.303916 0.280204 -10.0283 2.43299 -5.7439
0.576505 0.524058 0.504363 -11.0919 -3.10753 -4.95395
0.361717 0.314643 0.301517 -8.63951 -1.79669 -4.38657
0.436146 0.387876 0.373874 -8.83932 -0.071193 -5.07725
0.576505 0.524058 0.504363 -11.0919 -3.10753 -4.95395
0.363635 0.303916 0.280204 -10.0283 2.43299 -5.7439
0.113079 0.0748578 0.06159 -8.30925 -1.94405 -3.44156
0.416733 0.278107 0.217214 -5.70606 1.706 -2.10252
0.123275 0.0900893 0.0763048 -8.47114 -1.47611 -2.01564
-0.00244483 -0.00271062 -0.00360978 -0.108752 -1.18309 0.146575
-0.000742407 0.0147902 0.0227774 0.933378 1.1131 -2.58482
1.15696 1.15594 1.13852 -2.68131 -1.2051 -4.20491
0.0748539 0.0418446 0.0329748 -2.69343 1.84907 -3.74284
-0.000742407 0.0147902 0.0227774 0.933378 1.1131 -2.58482
-0.000742407 0.0147902 0.0227774 0.933378 1.1131 -2.58482
-0.00244483 -0.00271062 -0.00360978 -0.108752 -1.18309 0.146575
1.15696 1.15594 1.13852 -2.68131 -1.2051 -4.20491
