0.430818 0.299645 0.267869 -0.577235 -3.4362 6.34912
0.306372 0.235262 0.204978 -5.89948 -1.54828 2.00146
0.0711617 0.0618157 0.056338 -3.25018 -6.72579 2.98855
0.0270106 0.0242074 0.0224312 3.65057 -7.01307 3.69475
0.150263 0.120404 0.106137 9.84561 -5.5465 4.52523
0.0874457 0.0800953 0.0764387 10.1295 -3.63459 3.50106
0.189359 0.150687 0.133283 8.17678 -4.24907 5.07887
0.062414 0.0561941 0.0527885 4.46199 -6.65137 3.87668
0.430818 0.299645 0.267869 -0.577235 -3.4362 6.34912
0.0270106 0.0242074 0.0224312 3.65057 -7.01307 3.69475
0.062414 0.0561941 0.0527885 4.46199 -6.65137 3.87668
0.189359 0.150687 0.133283 8.17678 -4.24907 5.07887
0.427287 0.282122 0.225174 -5.33687 -4.77421 1.95717
0.402873 0.267388 0.202068 -6.38128 -0.998782 1.64243
1.10697 0.713171 0.548988 -1.1837 -0.718524 -2.12079
0.424189 0.250711 0.194934 2.38518 -3.65832 -1.59945
0.470318 0.288501 0.227986 8.23669 -0.606424 -0.864455
0.0515516 0.0466405 0.0445629 8.48212 -4.13898 3.58821
0.0890078 0.0753274 0.0690187 8.98698 -5.73797 4.34607
-0.0216063 -0.019242 -0.0170863 8.88653 -5.90433 3.22719
-0.0216063 -0.019242 -0.0170863 8.88653 -5.90433 3.22719
0.424189 0.250711 0.194934 2.38518 -3.65832 -1.59945
1.10697 0.713171 0.548988 -1.1837 -0.718524 -2.12079
0.470318 0.288501 0.227986 8.23669 -0.606424 -0.864455
0.0515516 0.0466405 0.0445629 8.48212 -4.13898 3.58821
0.0874457 0.0800953 0.0764387 10.1295 -3.63459 3.50106
0.150263 0.120404 0.106137 9.84561 -5.5465 4.52523
0.0890078 0.0753274 0.0690187 8.98698 -5.73797 4.34607
0.0711617 0.0618157 0.056338 -3.25018 -6.72579 2.98855
0.306372 0.235262 0.204978 -5.89948 -1.54828 2.00146
0.402873 0.267388 0.202068 -6.38128 -0.998782 1.64243
0.427287 0.282122 0.225174 -5.33687 -4.77421 1.95717
0.195754 0.177887 0.170138 6.71129 -3.10501 5.2285
0.19757 0.150238 0.134148 -2.36733 -1.35216 2.23914
-2.74016 -1.84163 -1.4622 -1.25945 -5.36443 3.73033
0.643393 0.339917 0.22196 7.93256 -7.09196 4.21546
0.0641744 0.0531374 0.047438 10.5241 -3.91323 4.83506
0.177914 0.124722 0.105802 10.5742 -3.43029 2.69045
0.0984572 0.0777187 0.0689508 9.51189 -5.87339 4.70665
0.152444 0.0952793 0.0721844 6.90702 -7.0055 4.235
0.195754 0.177887 0.170138 6.71129 -3.10501 5.2285
0.643393 0.339917 0.22196 7.93256 -7.09196 4.21546
0.152444 0.0952793 0.0721844 6.90702 -7.0055 4.235
0.0984572 0.0777187 0.0689508 9.51189 -5.87339 4.70665
-4.12658 -2.70681 -2.114 -2.27649 -4.16541 0.917541
-0.0486298 -0.0200382 -0.0147998 -4.12716 -1.92671 1.12697
0.434135 0.284896 0.225186 4.91075 -0.381667 -2.75306
0.0596279 0.0346806 0.027257 7.7955 -2.99363 -2.20464
0.205954 0.119848 0.0916273 10.0692 -1.51054 1.05409
0.181839 0.130925 0.106718 10.033 -3.97524 4.63653
0.0340481 0.025202 0.0215682 10.3347 -3.52198 3.80851
0.000679202 -0.00149996 -0.00118513 11.0374 -4.30255 2.93391
0.000679202 -0.00149996 -0.00118513 11.0374 -4.30255 2.93391
0.0596279 0.0346806 0.027257 7.7955 -2.99363 -2.20464
0.434135 0.284896 0.225186 4.91075 -0.381667 -2.75306
0.205954 0.119848 0.0916273 10.0692 -1.51054 1.05409
0.181839 0.130925 0.106718 10.033 -3.97524 4.63653
0.177914 0.124722 0.105802 10.5742 -3.43029 2.69045
0.0641744 0.0531374 0.047438 10.5241 -3.91323 4.83506
0.0340481 0.025202 0.0215682 10.3347 -3.52198 3.80851
-2.74016 -1.84163 -1.4622 -1.25945 -5.36443 3.73033
0.19757 0.150238 0.134148 -2.36733 -1.35216 2.23914
-0.0486298 -0.0200382 -0.0147998 -4.12716 -1.92671 1.12697
-4.12658 -2.70681 -2.114 -2.27649 -4.16541 0.917541
0.14573 0.122115 0.111287 3.42655 -5.82147 3.95796
0.145682 0.106626 0.0887665 6.50484 -2.87952 2.06079
0.347991 0.275854 0.243026 2.98624 -5.4083 5.46365
0.144759 0.115692 0.102422 -0.174772 -7.65128 4.13304
0.0944961 0.0828956 0.0779194 -0.937801 -4.20255 5.49681
0.294005 0.176273 0.141885 -4.54387 -1.74155 1.55123
-0.00910992 -0.00908107 -0.00815296 -3.49338 -6.30485 3.91132
0.0693974 0.060456 0.0547893 -2.84248 -6.78925 3.53571
0.0693974 0.060456 0.0547893 -2.84248 -6.78925 3.53571
0.144759 0.115692 0.102422 -0.174772 -7.65128 4.13304
0.347991 0.275854 0.243026 2.98624 -5.4083 5.46365
0.0944961 0.0828956 0.0779194 -0.937801 -4.20255 5.49681
0.962404 0.74515 0.630178 0.0868717 -0.637871 -2.38767
0.0310145 0.0206761 0.0181381 6.76783 -3.65268 3.7969
0.0947663 0.0819025 0.0764413 4.84368 -5.55092 4.18974
-0.00930436 -0.00922191 -0.00898284 1.75126 -5.24229 0.652684
0.252726 0.152916 0.120738 -7.27129 -4.87184 2.35818
0.555303 0.354964 0.273293 -8.0107 -2.05096 -0.157837
0.116614 0.0679053 0.0502363 -5.63524 -1.29562 -1.69302
0.256925 0.153988 0.120515 -2.78252 -3.92217 -0.906172
0.962404 0.74515 0.630178 0.0868717 -0.637871 -2.38767
-0.00930436 -0.00922191 -0.00898284 1.75126 -5.24229 0.652684
0.256925 0.153988 0.120515 -2.78252 -3.92217 -0.906172
0.116614 0.0679053 0.0502363 -5.63524 -1.29562 -1.69302
-0.00910992 -0.00908107 -0.00815296 -3.49338 -6.30485 3.91132
0.294005 0.176273 0.141885 -4.54387 -1.74155 1.55123
0.555303 0.354964 0.273293 -8.0107 -2.05096 -0.157837
0.252726 0.152916 0.120738 -7.27129 -4.87184 2.35818
0.0310145 0.0206761 0.0181381 6.76783 -3.65268 3.7969
0.145682 0.106626 0.0887665 6.50484 -2.87952 2.06079
0.14573 0.122115 0.111287 3.42655 -5.82147 3.95796
0.0947663 0.0819025 0.0764413 4.84368 -5.55092 4.18974
0.104043 0.0849009 0.0753549 2.56926 -7.73604 5.44796
0.263833 0.208369 0.182018 2.56306 -1.1034 5.26375
0.405397 0.344356 0.315201 1.29231 -3.44324 5.00996
0.132258 0.10852 0.0957837 -3.4862 -7.68044 4.54621
0.603772 0.344749 0.266745 -4.79435 -3.18434 5.28203
0.2603 0.190524 0.151698 -5.85725 -0.781166 4.2102
0.0100041 0.00626459 0.00472168 -6.0295 -6.82952 3.55641
0.0788039 0.0611637 0.0516127 -5.62507 -7.37478 3.82614
0.0788039 0.0611637 0.0516127 -5.62507 -7.37478 3.82614
0.132258 0.10852 0.0957837 -3.4862 -7.68044 4.54621
0.405397 0.344356 0.315201 1.29231 -3.44324 5.00996
0.603772 0.344749 0.266745 -4.79435 -3.18434 5.28203
0.187873 0.122622 0.0921076 -0.781485 -0.427661 -2.42976
0.0215195 0.00321118 -0.00360629 5.7725 -1.42686 2.12502
0.00371751 0.00152723 0.000809969 4.25029 -6.18996 3.9778
0.17205 0.101021 0.0661205 -3.64157 -3.63716 -2.20578
0.000486467 -0.00102781 -0.00088804 -8.49602 -6.23889 2.90264
0.148707 0.109054 0.087417 -6.67255 -1.07207 2.17313
0.181727 0.16431 0.157011 -6.27388 -0.911898 -0.842333
0.0754608 0.0452372 0.0356079 -7.58104 -4.1248 0.620584
0.187873 0.122622 0.0921076 -0.781485 -0.427661 -2.42976
0.17205 0.101021 0.0661205 -3.64157 -3.63716 -2.20578
0.0754608 0.0452372 0.0356079 -7.58104 -4.1248 0.620584
0.181727 0.16431 0.157011 -6.27388 -0.911898 -0.842333
0.0100041 0.00626459 0.00472168 -6.0295 -6.82952 3.55641
0.2603 0.190524 0.151698 -5.85725 -0.781166 4.2102
0.148707 0.109054 0.087417 -6.67255 -1.07207 2.17313
0.000486467 -0.00102781 -0.00088804 -8.49602 -6.23889 2.90264
0.0215195 0.00321118 -0.00360629 5.7725 -1.42686 2.12502
0.263833 0.208369 0.182018 2.56306 -1.1034 5.26375
0.104043 0.0849009 0.0753549 2.56926 -7.73604 5.44796
0.00371751 0.00152723 0.000809969 4.25029 -6.18996 3.9778
0.0605417 0.0407097 0.0321508 -4.3173 -6.98333 -4.52377
0.38331 0.309232 0.273957 -3.0904 -1.63737 -5.76621
0.152219 0.112883 0.0948943 2.94343 -3.85028 -6.34864
0.0735287 0.0555893 0.0487564 1.95314 -9.16812 -5.45054
0.124322 0.0976678 0.0873535 4.35958 -3.6734 -5.06822
0.125268 0.0937071 0.0799243 8.56201 -3.17155 -3.85335
0.0770729 0.0604375 0.0517535 5.46168 -6.21566 -2.32039
0.0163037 0.00904422 0.00698575 2.7754 -8.37343 -3.46445
0.0163037 0.00904422 0.00698575 2.7754 -8.37343 -3.46445
0.0735287 0.0555893 0.0487564 1.95314 -9.16812 -5.45054
0.152219 0.112883 0.0948943 2.94343 -3.85028 -6.34864
0.124322 0.0976678 0.0873535 4.35958 -3.6734 -5.06822
0.553714 0.388131 0.306376 1.70087 0.397522 1.76711
0.478268 0.30753 0.228457 -5.86066 -2.34915 -2.76125
0.0055965 0.00462285 0.00400525 -5.17861 -6.64741 -3.91142
0.0156717 0.00920856 0.00691002 0.981361 -4.54309 0.621015
0.100617 0.0846576 0.0778423 9.2218 -5.96326 -2.03605
0.131744 0.1036 0.0896318 10.2098 -2.55007 -1.91702
0.0410028 0.0363114 0.0336954 8.90812 -0.0385234 0.0319589
0.0560769 0.0483576 0.0447056 8.86877 -6.04774 -0.874786
0.553714 0.388131 0.306376 1.70087 0.397522 1.76711
0.0156717 0.00920856 0.00691002 0.981361 -4.54309 0.621015
0.0560769 0.0483576 0.0447056 8.86877 -6.04774 -0.874786
0.0410028 0.0363114 0.0336954 8.90812 -0.0385234 0.0319589
0.0770729 0.0604375 0.0517535 5.46168 -6.21566 -2.32039
0.125268 0.0937071 0.0799243 8.56201 -3.17155 -3.85335
0.131744 0.1036 0.0896318 10.2098 -2.55007 -1.91702
0.100617 0.0846576 0.0778423 9.2218 -5.96326 -2.03605
0.478268 0.30753 0.228457 -5.86066 -2.34915 -2.76125
0.38331 0.309232 0.273957 -3.0904 -1.63737 -5.76621
0.0605417 0.0407097 0.0321508 -4.3173 -6.98333 -4.52377
0.0055965 0.00462285 0.00400525 -5.17861 -6.64741 -3.91142
0.0911009 0.0507484 0.0345445 -0.125604 -6.13076 -4.93497
0.0753465 0.0294471 0.0161337 -1.45051 -1.5171 -4.82611
0.254148 0.155083 0.11617 3.84589 -2.7868 -6.38702
0.149618 0.0798874 0.0531012 7.05944 -7.86522 -5.60317
0.0847967 0.0610142 0.0512942 9.55105 -3.83292 -5.43955
0.0756333 0.0486465 0.0374499 11.1603 -2.7673 -4.06132
0.0380152 0.0287989 0.0257 9.00734 -6.94713 -3.47668
0.108724 0.0580085 0.0390251 6.22247 -6.98892 -4.11631
0.108724 0.0580085 0.0390251 6.22247 -6.98892 -4.11631
0.149618 0.0798874 0.0531012 7.05944 -7.86522 -5.60317
0.254148 0.155083 0.11617 3.84589 -2.7868 -6.38702
0.0847967 0.0610142 0.0512942 9.55105 -3.83292 -5.43955
0.342428 0.201669 0.13033 3.91243 0.0318472 1.19811
0.101593 0.0896908 0.0874794 -3.69916 -3.18834 -1.71958
0.0127618 0.00527371 0.00331182 -4.11597 -4.96318 -3.45617
0.0155037 0.0052315 0.00351837 8.42587 -3.00277 2.6978
0.0179615 0.0104119 0.00736059 10.9573 -6.36407 -3.20089
0.0767283 0.0628575 0.0558812 12.2766 -1.70185 -3.08593
0.0701371 0.0412169 0.0338862 11.5659 -0.274378 -1.20159
0.0066228 0.00363256 0.00237225 12.7966 -5.05389 -2.43107
0.342428 0.201669 0.13033 3.91243 0.0318472 1.19811
0.0155037 0.0052315 0.00351837 8.42587 -3.00277 2.6978
0.0066228 0.00363256 0.00237225 12.7966 -5.05389 -2.43107
0.0701371 0.0412169 0.0338862 11.5659 -0.274378 -1.20159
0.0380152 0.0287989 0.0257 9.00734 -6.94713 -3.47668
0.0756333 0.0486465 0.0374499 11.1603 -2.7673 -4.06132
0.0767283 0.0628575 0.0558812 12.2766 -1.70185 -3.08593
0.0179615 0.0104119 0.00736059 10.9573 -6.36407 -3.20089
0.101593 0.0896908 0.0874794 -3.69916 -3.18834 -1.71958
0.0753465 0.0294471 0.0161337 -1.45051 -1.5171 -4.82611
0.0911009 0.0507484 0.0345445 -0.125604 -6.13076 -4.93497
0.0127618 0.00527371 0.00331182 -4.11597 -4.96318 -3.45617
0.149173 0.135356 0.13176 0.61985 -4.37541 -5.53337
0.220592 0.179329 0.160488 6.537 -2.50791 -2.89929
0.194381 0.139709 0.110057 2.81094 -5.65206 -3.21526
-0.00366996 -0.00143473 0.00126629 -2.64125 -7.29178 -4.05083
0.0715684 0.0459863 0.0360737 -5.79136 -6.66442 -4.75774
0.0609946 0.0349228 0.0251938 -5.78961 -2.19383 -4.80939
0.0885666 0.0682961 0.0615268 -5.10288 -4.42018 -5.97278
0.0291607 0.0164647 0.0121095 -4.13937 -7.6515 -4.90178
0.149173 0.135356 0.13176 0.61985 -4.37541 -5.53337
-0.00366996 -0.00143473 0.00126629 -2.64125 -7.29178 -4.05083
0.0291607 0.0164647 0.0121095 -4.13937 -7.6515 -4.90178
0.0885666 0.0682961 0.0615268 -5.10288 -4.42018 -5.97278
0.0978633 0.0666344 0.0510548 5.12782 -5.69281 -2.6384
0.353602 0.278853 0.239521 6.25928 -2.02398 -1.1533
0.422344 0.305818 0.258113 2.93784 0.528818 2.29643
0.0260491 0.0133571 0.0055621 5.19055 -4.58754 -0.369281
0.254428 0.200084 0.172506 -2.56226 -0.484901 1.76729
0.263679 0.169183 0.14342 -7.56189 -2.84103 -5.30452
-0.0358855 -0.0475057 -0.0509477 -7.53776 -6.0008 -3.8606
-0.0035847 -0.00396432 -0.00389915 -3.919 -5.62506 -0.770157
-0.0035847 -0.00396432 -0.00389915 -3.919 -5.62506 -0.770157
0.0260491 0.0133571 0.0055621 5.19055 -4.58754 -0.369281
0.422344 0.305818 0.258113 2.93784 0.528818 2.29643
0.254428 0.200084 0.172506 -2.56226 -0.484901 1.76729
0.263679 0.169183 0.14342 -7.56189 -2.84103 -5.30452
0.0609946 0.0349228 0.0251938 -5.78961 -2.19383 -4.80939
0.0715684 0.0459863 0.0360737 -5.79136 -6.66442 -4.75774
-0.0358855 -0.0475057 -0.0509477 -7.53776 -6.0008 -3.8606
0.194381 0.139709 0.110057 2.81094 -5.65206 -3.21526
0.220592 0.179329 0.160488 6.537 -2.50791 -2.89929
0.353602 0.278853 0.239521 6.25928 -2.02398 -1.1533
0.0978633 0.0666344 0.0510548 5.12782 -5.69281 -2.6384
0.141327 0.118328 0.110309 0.762128 -3.43066 -5.04795
0.186019 0.145631 0.128945 4.928 -2.4543 -3.33385
0.0074914 0.00367447 0.00229683 2.26638 -6.07031 -3.24519
0.0298565 0.0253177 0.0238825 -7.1102 -8.18263 -5.38176
0.0235718 0.0132185 0.0100922 -8.35425 -7.35254 -2.9503
0.111267 0.0972762 0.0935614 -8.67981 -4.45415 -5.57187
0.243522 0.176835 0.14812 -6.20639 -2.66288 -4.85758
0.0204364 0.0117695 0.00886222 -7.51867 -7.53425 -3.8879
0.141327 0.118328 0.110309 0.762128 -3.43066 -5.04795
0.0298565 0.0253177 0.0238825 -7.1102 -8.18263 -5.38176
0.0204364 0.0117695 0.00886222 -7.51867 -7.53425 -3.8879
0.243522 0.176835 0.14812 -6.20639 -2.66288 -4.85758
0.291639 0.188922 0.126316 4.24403 -4.22181 -2.21507
0.182255 0.123487 0.092947 4.74211 -2.15812 -1.23909
0.275197 0.218065 0.196747 -0.668141 -0.103511 2.70021
0.391324 0.242939 0.154054 0.503949 -2.96951 0.833305
0.313482 0.177392 0.118281 -5.89823 -0.139338 0.657568
0.127199 0.0805983 0.0666575 -11.4135 -2.44266 -4.20497
0.328573 0.180899 0.0944515 -8.4785 -6.32254 -2.21249
0.338069 0.186524 0.0957532 -7.57463 -6.25827 -1.33449
0.338069 0.186524 0.0957532 -7.57463 -6.25827 -1.33449
0.391324 0.242939 0.154054 0.503949 -2.96951 0.833305
0.275197 0.218065 0.196747 -0.668141 -0.103511 2.70021
0.313482 0.177392 0.118281 -5.89823 -0.139338 0.657568
0.127199 0.0805983 0.0666575 -11.4135 -2.44266 -4.20497
0.111267 0.0972762 0.0935614 -8.67981 -4.45415 -5.57187
0.0235718 0.0132185 0.0100922 -8.35425 -7.35254 -2.9503
0.328573 0.180899 0.0944515 -8.4785 -6.32254 -2.21249
0.0074914 0.00367447 0.00229683 2.26638 -6.07031 -3.24519
0.186019 0.145631 0.128945 4.928 -2.4543 -3.33385
0.182255 0.123487 0.092947 4.74211 -2.15812 -1.23909
0.291639 0.188922 0.126316 4.24403 -4.22181 -2.21507
